000000 273413 4.858767
000001 152255 3.016229
000002 6791   1.605360
000003 496677 5.918299
000004 667    1.086957
000005 201    1.034826
000006 394377 5.051955
000007 491    1.413442
000008 102405 2.502270
000009 9583   1.951268
000010 35777  2.059815
000011 1895   1.159894
000012 351    1.099715
000013 298513 4.271995
000014 52279  2.069894
000015 202599 3.448122
000016 579    1.153713
000017 394105 5.146831
000018 222973 3.695909
000019 351    1.150997
000020 15541  1.926646
000021 253    1.086957
000022 330599 4.849464
000023 9503   1.728296
000024 140381 2.965914
000025 100539 2.586747
000026 242071 3.855142
000027 16331  1.807973
000028 2615   1.037094
000029 133    1.218045
000030 19919  1.846679
000031 1487   1.155346
000032 28603  1.989022
000033 11597  1.786669
000034 107    1.093458
000035 23493  1.753714
000036 24091  1.839940
000037 101783 2.442677
000038 5001   1.724055
000039 163    1.159509
000040 2965   1.282631
000041 191    1.246073
000042 35375  1.973484
000043 381647 4.958925
000044 287637 4.373426
000045 15073  1.890665
000046 218695 3.898813
000047 5039   1.816035
000048 263    1.087452
000049 291    1.048110
000050 94947  2.677736
000051 33759  1.999704
000052 119551 2.845062
000053 114313 2.802481
000054 899    1.299221
000055 2905   1.436833
000056 62911  2.310280
000057 535    1.244860
000058 76265  2.334360
000059 8219   1.653364
000060 10943  1.703189
000061 619    1.127625
000062 430235 5.208186
000063 4655   1.811171
000064 18621  1.856828
000065 149    1.053691
000066 109    1.100917
000067 18489  1.821786
000068 383    1.073107
000069 1097   1.074749
000070 33591  1.961001
000071 1595   1.207524
000072 555781 6.216002
000073 345039 4.641704
000074 369941 5.011564
000075 2537   1.085928
000076 433    1.191686
000077 23567  1.706454
000078 22003  1.877108
000079 185    1.194595
000080 281203 4.129810
000081 5361   1.948890
000082 133967 2.887159
000083 1049   1.182078
000084 239    1.447699
000085 14707  1.834705
000086 3743   1.566925
000087 196333 3.496565
000088 24585  1.725971
000089 28273  1.818166
000090 370469 4.888641
000091 76643  2.313218
000092 513129 6.581228
000093 139    1.187050
000094 22653  3.029709
000095 4741   2.696056
000096 28233  2.496263
000097 323049 4.995536
000098 931    1.128894
000099 27287  1.735662
000100 2505   1.039521
000101 187209 3.397139
000102 240631 4.227489
000103 41821  2.649793
000104 2575   1.496699
000105 209    1.454545
000106 16437  2.413944
000107 1043   1.564717
000108 598417 6.611231
000109 3555   1.700703
000110 267    1.056180
000111 253475 4.794465
000112 755    1.193377
000113 127277 2.836011
000114 1341   1.258762
000115 90751  2.483752
000116 157    1.191083
000117 30257  2.079155
000118 320083 4.496999
000119 5011   1.755538
000120 1751   1.074814
000121 97191  2.428342
000122 1001   1.337662
000123 417047 5.184277
000124 205    1.487805
000125 65423  2.233572
000126 5171   1.668536
000127 385    1.218182
000128 23227  1.859259
000129 123    1.040650
000130 109    1.137615
000131 537    1.115456
000132 2321   1.259802
000133 1179   1.159457
000134 297    1.397306
000135 2045   1.224450
000136 187479 3.442796
000137 11351  1.663378
000138 46055  2.208012
000139 157    1.152866
000140 430801 5.124320
000141 292991 4.203358
000142 407    1.189189
000143 274621 3.985813
000144 349749 4.572505
000145 470415 5.364246
000146 17127  1.746774
000147 19753  1.739837
000148 373649 4.705073
000149 3323   1.606681
000150 557    1.184919
000151 264023 3.881200
000152 243    1.189300
000153 2231   1.076647
000154 643    1.158631
000155 412693 5.498603
000156 238253 3.805874
000157 5111   1.696341
000158 213    1.014085
000159 176729 3.121265
000160 3025   1.476033
000161 1563   1.066539
000162 175    1.017143
000163 331    1.027190
000164 1009   1.041625
000165 223    1.017937
000166 797    1.135508
000167 92605  2.392808
000168 471    1.163482
000169 18869  1.773226
000170 213871 3.468133
000171 10637  1.663627
000172 207    1.024155
000173 233    1.021459
000174 355    1.022535
000175 511959 5.600570
000176 241    1.103734
000177 17633  1.849146
000178 1463   1.244019
000179 468607 5.341574
000180 10579  1.709235
000181 4007   1.654355
000182 94683  2.431799
000183 997    1.273821
000184 1077   1.027855
000185 366759 4.583607
000186 345    1.168116
000187 24993  1.837274
000188 183    1.453552
000189 2231   1.062752
000190 2257   1.162605
000191 819    1.031746
000192 231    1.017316
000193 95293  2.461031
000194 357923 4.567035
000195 154599 2.953525
000196 177    1.338983
000197 274755 3.900056
000198 14199  1.730333
000199 53599  2.130879
000200 2617   1.143294
000201 6003   1.788939
000202 1615   1.169659
000203 18701  1.852842
000204 701    1.129815
000205 73295  2.352766
000206 7377   1.630338
000207 541911 5.814912
000208 17773  1.774433
000209 34499  1.902258
000210 127    1.023622
000211 1937   1.245225
000212 183    1.021858
000213 190431 3.274220
000214 23667  1.814679
000215 19265  1.782351
000216 469715 5.255155
000217 773    1.153946
000218 18811  1.833023
000219 226417 3.591206
000220 101    1.267327
000221 35685  1.941908
000222 258041 3.753086
000223 23447  1.717960
000224 381    1.023622
000225 1185   1.193249
000226 2671   1.175590
000227 538441 5.662925
000228 70675  2.226261
000229 259533 3.829081
000230 136677 2.848468
000231 302585 4.151379
000232 18691  1.721738
000233 231    1.051948
000234 1395   1.124731
000235 428531 4.916487
000236 241    1.091286
000237 2421   1.088806
000238 11989  1.641588
000239 141993 2.792243
000240 7115   1.514687
000241 201    1.049751
000242 209027 3.418381
000243 2665   1.250657
000244 13153  1.639094
000245 16139  1.783196
000246 28825  1.857415
000247 44349  1.894000
000248 76077  2.320018
000249 313    1.185304
000250 1015   1.281773
000251 36147  2.107644
000252 1255   1.266135
000253 365    1.268493
000254 60513  2.237552
000255 255    1.431373
000256 7995   1.722827
000257 42345  1.967883
000258 153165 2.996762
000259 701    1.159772
000260 13043  1.781645
000261 4867   1.805630
000262 5099   1.809374
000263 2199   1.195089
000264 2161   1.151319
000265 1757   1.117814
000266 30295  1.930120
000267 2857   1.332867
000268 635    1.064567
000269 953    1.112277
000270 89649  2.436056
000271 21217  1.776547
000272 3599   1.535704
000273 159    1.176101
000274 9247   1.684546
000275 74865  2.294664
000276 277787 4.009118
000277 1617   1.071738
000278 295    1.027119
000279 22981  1.722075
000280 1825   1.120000
000281 105    1.019048
000282 5209   1.620657
000283 3141   1.561286
000284 2079   1.036556
000285 529    1.037807
000286 328965 4.357369
000287 10003  1.664801
000288 14179  1.866845
000289 365    1.090411
000290 58071  2.096589
000291 3205   1.546958
000292 165    1.115152
000293 37223  2.022594
000294 416657 5.021276
000295 533151 5.882598
000296 2517   1.288439
000297 54209  2.099153
000298 429    1.160839
000299 44459  2.065476
000300 25311  1.957133
000301 489    1.057260
000302 191951 3.359852
000303 577    1.065858
000304 293507 4.139738
000305 229379 3.581470
000306 21339  1.739210
000307 4947   1.802911
000308 86625  2.307648
000309 2511   1.142573
000310 133    1.030075
000311 767    1.319426
000312 52745  2.146440
000313 29479  2.010686
000314 3197   1.515483
000315 207    1.120773
000316 551057 5.903720
000317 137717 2.837304
000318 35429  1.899658
000319 9397   1.796424
000320 218647 4.189264
000321 9887   1.858096
000322 5085   1.767945
000323 981    1.133537
000324 347    1.112392
000325 132159 2.840957
000326 293    1.095563
000327 13729  1.782504
000328 65399  2.178443
000329 21253  1.783466
000330 275    1.076364
000331 1139   1.248464
000332 4243   1.611831
000333 94443  2.411529
000334 74479  2.225379
000335 2883   1.443288
000336 171    1.017544
000337 1083   1.397969
000338 6341   1.576723
000339 3203   1.494224
000340 21171  1.752208
000341 248145 3.788394
000342 285939 4.095115
000343 112809 2.646402
000344 4681   1.822901
000345 1415   1.115901
000346 13257  1.749868
000347 341027 4.473224
000348 8587   1.626761
000349 345693 4.593790
000350 637    1.124019
000351 117419 2.771723
000352 1329   1.284424
000353 1179   1.179813
000354 186003 3.323054
000355 161423 2.983831
000356 871    1.083812
000357 3987   1.716328
000358 136947 2.956260
000359 1263   1.226445
000360 1021   1.113614
000361 266959 4.002618
000362 24869  1.758052
000363 129    1.069767
000364 1077   1.151346
000365 127    1.015748
000366 309791 4.226772
000367 27751  1.886310
000368 1343   1.117647
000369 267    1.247191
000370 1535   1.171987
000371 64527  2.204256
000372 26259  1.763205
000373 400937 4.951152
000374 3373   1.501631
000375 1401   1.030692
000376 169    1.207101
000377 200421 3.527784
000378 235    1.148936
000379 7855   1.532782
000380 3007   1.386432
000381 1375   1.034182
000382 7601   1.618866
000383 183    1.327869
000384 562703 6.025257
000385 193    1.150259
000386 125    1.368000
000387 22837  1.774576
000388 479579 5.557349
000389 10959  1.746418
000390 162113 3.214252
000391 43783  2.051298
000392 1433   1.270761
000393 151    1.092715
000394 191    1.125654
000395 3327   1.701232
000396 29791  2.164177
000397 479    1.258873
000398 111195 2.714079
000399 337387 4.469633
000400 1217   1.181594
000401 855    1.038596
000402 229809 3.591900
000403 725    1.220690
000404 213389 3.603532
000405 1067   1.228679
000406 489    1.116564
000407 7391   1.636450
000408 100021 2.699073
000409 7081   1.657958
000410 149    1.181208
000411 301667 4.406481
000412 2927   1.405535
000413 251    1.115538
000414 211    1.090047
000415 2261   1.149049
000416 2409   1.210876
000417 2675   1.293458
000418 4333   1.725594
000419 3763   1.627425
000420 153    1.124183
000421 114115 2.714402
000422 183949 3.362514
000423 324823 4.493038
000424 103    1.388350
000425 119    1.310924
000426 523    1.040153
000427 53709  3.123424
000428 118719 3.743133
000429 34873  1.989447
000430 361    1.049861
000431 221251 3.760977
000432 499059 5.933852
000433 1597   1.110207
000434 3849   1.871655
000435 4021   1.791843
000436 149    1.093960
000437 229359 3.705484
000438 34061  1.968322
000439 51313  2.159453
000440 302923 4.157677
000441 43211  2.075050
000442 3041   1.482078
000443 9635   1.732953
000444 512947 5.937754
000445 134693 2.864655
000446 409    1.105134
000447 11247  1.686494
000448 9519   1.706482
000449 80251  2.381329
000450 2009   1.150324
000451 881    1.031782
000452 841    1.095125
000453 364349 4.773497
000454 492703 5.727568
000455 281609 3.963783
000456 103471 2.612288
000457 20651  1.711539
000458 4677   1.654266
000459 189    1.026455
000460 14073  1.832090
000461 78757  2.377351
000462 47819  1.983877
000463 349    1.272206
000464 149611 3.010755
000465 64077  2.092592
000466 3003   1.506494
000467 24001  1.777343
000468 39911  1.964496
000469 49783  2.034068
000470 232391 3.766445
000471 29313  1.810937
000472 9289   1.708472
000473 8451   1.553426
000474 542249 6.015899
000475 62709  2.252340
000476 259391 3.889291
000477 270683 4.524318
000478 483991 5.478308
000479 1215   1.071605
000480 241    1.020747
000481 14367  1.786385
000482 22895  1.712426
000483 389    1.028278
000484 1973   1.078561
000485 2455   1.041141
000486 265    1.188679
000487 3071   1.471833
000488 133    1.090226
000489 6465   1.646249
000490 10263  1.786027
000491 225    1.008889
000492 49829  2.081900
000493 161    1.049689
000494 192627 3.500117
000495 769    1.250975
000496 63631  2.176895
000497 75777  2.280824
000498 345    1.101449
000499 6311   1.660593
000500 130551 2.870717
000501 170417 3.160841
000502 637    1.075353
000503 20017  1.870460
000504 10709  1.812027
000505 369    1.051491
000506 3399   1.705207
000507 20367  1.824864
000508 87419  2.511788
000509 390865 4.914981
000510 80999  2.492858
000511 583    1.298456
000512 28865  1.984272
000513 46229  2.027558
000514 78359  2.402864
000515 545    1.183486
000516 1837   1.108873
000517 209    1.100478
000518 408789 5.071993
000519 370605 4.904955
000520 340377 4.472450
000521 2105   1.085036
000522 18789  1.728937
000523 195    1.025641
000524 2199   1.136426
000525 1841   1.152634
000526 125    1.024000
000527 2551   1.106233
000528 137    1.029197
000529 92929  2.598877
000530 14219  1.805612
000531 76019  2.309580
000532 2641   1.339644
000533 7831   1.655983
000534 149    1.006711
000535 12593  1.679743
000536 1441   1.033310
000537 3155   1.484945
000538 45927  2.011366
000539 164827 3.139346
000540 331485 4.595698
000541 498159 5.641510
000542 823    1.157959
000543 901    1.029967
000544 133    1.030075
000545 1087   1.032199
000546 1383   1.113521
000547 2507   1.132429
000548 241    1.024896
000549 156011 3.186871
000550 182915 3.276489
000551 145887 2.998581
000552 141    1.290780
000553 591    1.086294
000554 12919  1.641304
000555 107    1.607477
000556 22697  1.744768
000557 533117 5.784237
000558 20385  1.740201
000559 64141  2.162673
000560 27583  1.931661
000561 2557   1.326163
000562 60191  2.171803
000563 3039   1.513327
000564 397    1.037783
000565 266475 3.905166
000566 8159   1.635495
000567 92203  2.834355
000568 1289   1.251358
000569 155    1.251613
000570 11981  1.899174
000571 325693 4.297771
000572 167    1.113772
000573 909    1.052805
000574 140351 2.945052
000575 10469  1.619734
000576 30599  1.819765
000577 25029  1.729114
000578 1187   1.117102
000579 491569 5.547396
000580 223    1.130045
000581 7075   1.672650
000582 663    1.208145
000583 301989 4.071403
000584 70221  2.226485
000585 255    1.533333
000586 5587   1.794881
000587 210921 3.454786
000588 379    1.158311
000589 39923  1.931393
000590 7533   1.684588
000591 274213 3.912440
000592 351617 4.433489
000593 353    1.084986
000594 511283 5.546216
000595 77577  2.345089
000596 68557  2.084032
000597 14537  1.757722
000598 161    1.024845
000599 3165   1.345656
000600 171    1.064327
000601 170207 3.154148
000602 137867 2.773804
000603 8421   1.592091
000604 20967  1.696618
000605 52259  2.038883
000606 15499  1.859023
000607 37793  1.913794
000608 524947 5.614302
000609 577887 6.271624
000610 53427  2.026653
000611 2317   1.138541
000612 5821   1.610204
000613 15161  1.865312
000614 1979   1.038403
000615 2335   1.105782
000616 24335  1.804520
000617 4453   1.889064
000618 1139   1.083406
000619 17401  1.773979
000620 215    1.074419
000621 1581   1.166983
000622 2213   1.137822
000623 3133   1.505586
000624 28795  1.845286
000625 1765   1.237394
000626 3513   1.632508
000627 216611 3.476984
000628 9243   1.654441
000629 103    1.019417
000630 16233  1.889053
000631 56027  2.181787
000632 125    1.208000
000633 8563   1.647553
000634 1269   1.033097
000635 381    1.034121
000636 28161  1.884876
000637 165193 2.925923
000638 2303   1.090317
000639 2109   1.042674
000640 4191   1.584347
000641 5395   1.673957
000642 3111   1.337512
000643 7021   1.526563
000644 78035  2.240815
000645 461399 5.163327
000646 383    1.067885
000647 198171 3.272270
000648 177    1.237288
000649 40429  2.010240
000650 20151  1.715498
000651 1291   1.072037
000652 64027  2.094070
000653 140839 2.926597
000654 175    1.988571
000655 83497  3.236931
000656 117375 3.174722
000657 6391   1.612580
000658 7491   1.487652
000659 393285 5.366681
000660 3551   1.703182
000661 142413 2.919544
000662 309651 4.227634
000663 439    1.510251
000664 40579  2.020306
000665 2459   1.113867
000666 480639 5.453398
000667 386961 5.131468
000668 4229   1.812722
000669 491    1.116090
000670 552435 6.103123
000671 105    1.142857
000672 112195 2.720727
000673 4629   1.681357
000674 407171 5.521091
000675 8803   1.715552
000676 3415   1.504539
000677 517    1.179884
000678 147    1.102041
000679 6959   1.640466
000680 5131   2.557786
000681 7037   1.585477
000682 3261   1.549218
000683 189131 3.385606
000684 2953   1.367084
000685 233695 4.211652
000686 2909   1.382606
000687 9759   1.742392
000688 233    1.030043
000689 4599   1.775386
000690 75541  2.339061
000691 34209  1.866117
000692 479929 5.537534
000693 33925  1.910803
000694 54459  2.028554
000695 162393 3.025457
000696 765    1.142484
000697 629    1.284579
000698 22381  1.843037
000699 374859 4.812231
000700 281    1.124555
000701 31707  1.863500
000702 1895   1.144063
000703 64165  2.193938
000704 299389 4.216601
000705 949    1.112750
000706 129    1.023256
000707 12363  1.665696
000708 117981 2.680584
000709 1923   1.073323
000710 163    1.055215
000711 1309   1.032850
000712 252547 3.875322
000713 22049  1.728604
000714 841    1.035672
000715 20939  1.793543
000716 26427  1.790177
000717 166319 3.081272
000718 14343  1.752981
000719 105    1.009524
000720 147    1.068027
000721 10463  1.593042
000722 121    1.090909
000723 553745 5.980952
000724 2235   1.224161
000725 3249   1.553709
000726 304573 4.166476
000727 1541   1.203115
000728 2043   1.068037
000729 903    1.305648
000730 293    1.030717
000731 13993  1.795326
000732 13877  1.813432
000733 1289   1.105508
000734 46379  2.043921
000735 253595 3.842891
000736 294493 4.999073
000737 357889 5.134709
000738 68405  2.198567
000739 558211 5.976650
000740 117879 2.697266
000741 2365   1.097674
000742 58609  2.148544
000743 5489   1.868464
000744 3393   1.581491
000745 3281   1.430661
000746 553    1.139241
000747 66829  2.234928
000748 66547  2.171503
000749 18921  1.784631
000750 248913 4.700184
000751 109    1.119266
000752 175    1.028571
000753 132663 2.811387
000754 69641  2.202065
000755 1267   1.120758
000756 40759  1.987389
000757 6211   1.744808
000758 909    1.237624
000759 5629   1.805294
000760 1733   1.129256
000761 693    1.248196
000762 191    1.209424
000763 2653   1.279683
000764 6161   1.718065
000765 705    1.070922
000766 381095 4.764374
000767 265    1.075472
000768 512759 5.649116
000769 177    1.129944
000770 14931  1.796464
000771 581    1.034423
000772 669    1.248132
000773 31205  1.917802
000774 29637  1.849445
000775 186543 3.223048
000776 32231  1.898576
000777 471    1.099788
000778 105    1.114286
000779 2991   1.465396
000780 24853  1.774434
000781 6269   1.697240
000782 101437 2.601151
000783 395    1.215190
000784 508021 5.560439
000785 138379 2.828710
000786 717    1.092050
000787 101    1.049505
000788 121    1.404959
000789 209    1.076555
000790 78033  2.300232
000791 879    1.103527
000792 34825  1.926059
000793 333    1.204204
000794 242621 3.747915
000795 74353  2.266217
000796 147    1.204082
000797 416445 5.197640
000798 65435  2.075418
000799 432665 5.223709
000800 19053  1.775678
000801 1627   1.045482
000802 781    1.088348
000803 69991  2.175651
000804 915    1.124590
000805 6171   1.696159
000806 155443 2.949686
000807 345747 4.472614
000808 148383 2.894267
000809 234267 3.633388
000810 14559  1.798819
000811 837    1.094385
000812 331733 4.671712
000813 277563 4.123604
000814 373    1.101877
000815 351    1.116809
000816 2761   1.285042
000817 66027  2.127402
000818 7377   1.647689
000819 2545   1.114735
000820 359    1.069638
000821 16465  1.752384
000822 227    1.022026
000823 131727 2.769060
000824 251    1.167331
000825 795    1.061635
000826 5619   1.619149
000827 1711   1.033314
000828 1077   1.054782
000829 133    1.030075
000830 566837 5.921205
000831 165    1.096970
000832 113809 2.600849
000833 7119   1.539823
000834 53599  2.042725
000835 135    1.066667
000836 26047  1.774830
000837 200963 3.326796
000838 12635  1.628809
000839 180783 3.363331
000840 5643   1.609428
000841 490913 5.614345
000842 617    1.066451
000843 15631  1.894377
000844 5993   1.731854
000845 531    1.410546
000846 36431  2.008839
000847 315    1.063492
000848 781    1.309859
000849 25919  1.889425
000850 39149  3.260926
000851 5621   2.274151
000852 506979 6.325645
000853 4665   1.649518
000854 405    1.024691
000855 121    1.223140
000856 95393  2.485151
000857 24979  1.799992
000858 8193   1.706823
000859 50485  2.269823
000860 24033  1.822369
000861 10975  1.839909
000862 176673 3.162028
000863 182567 3.209830
000864 475267 5.453610
000865 4691   1.729908
000866 849    1.137809
000867 8707   1.636499
000868 199    1.070352
000869 22825  1.706375
000870 18629  1.886682
000871 89493  2.558446
000872 262987 4.004449
000873 259    1.096525
000874 377    1.047745
000875 238585 3.698309
000876 1071   1.082166
000877 12497  1.632072
000878 71353  2.200692
000879 713    1.054698
000880 719    1.041725
000881 75335  2.254118
000882 1753   1.260125
000883 45261  2.030247
000884 542535 5.915347
000885 1407   1.066098
000886 61313  2.170290
000887 27103  1.909014
000888 2315   1.133045
000889 235    1.187234
000890 177    1.056497
000891 709    1.229901
000892 16747  1.880516
000893 5897   1.695269
000894 447099 5.267815
000895 272441 3.912440
000896 79443  2.259192
000897 799    1.220275
000898 7789   1.680318
000899 6385   1.564605
000900 175    1.017143
000901 13671  1.704703
000902 281    1.138790
000903 323641 4.233688
000904 29385  1.809733
000905 237    1.130802
000906 3035   1.447446
000907 2721   1.335906
000908 337621 4.319708
000909 1157   1.075194
000910 11013  1.685826
000911 65515  2.125315
000912 115823 2.578452
000913 158087 3.035987
000914 339    1.289086
000915 1447   1.064271
000916 60025  2.091728
000917 4961   1.789760
000918 1455   1.202062
000919 30677  1.871206
000920 389    1.100257
000921 319749 4.294478
000922 2859   1.307800
000923 2597   1.103581
000924 3545   1.495346
000925 649    1.110940
000926 161    1.012422
000927 603    1.313433
000928 32869  1.857860
000929 869    1.037975
000930 3585   1.528870
000931 28683  1.781543
000932 102697 2.522956
000933 651    1.145929
000934 163    1.024540
000935 22375  1.685944
000936 327425 4.198937
000937 119    1.126050
000938 2229   1.093764
000939 180407 4.413587
000940 229    1.091703
000941 117    1.008547
000942 171207 3.080598
000943 50341  2.056296
000944 37371  1.866019
000945 837    1.046595
000946 245    1.183673
000947 613    1.021207
000948 1023   1.099707
000949 1803   1.138103
000950 283    1.173145
000951 436425 5.053196
000952 337    1.124629
000953 165289 3.063894
000954 571    1.092820
000955 40883  1.923147
000956 6329   1.740717
000957 48733  1.996471
000958 1313   1.100533
000959 2361   1.104193
000960 2319   1.128504
000961 506781 5.666250
000962 599    1.200334
000963 90253  2.386735
000964 26305  1.762327
000965 1501   1.082612
000966 4261   1.650552
000967 183    1.092896
000968 273449 4.057411
000969 12927  1.614915
000970 117    1.025641
000971 4789   1.618918
000972 209    1.019139
000973 255    1.050980
000974 378303 4.717166
000975 557351 5.847003
000976 1967   1.075241
000977 293853 3.978343
000978 2253   1.078118
000979 3565   1.615428
000980 321    1.018692
000981 391    1.035806
000982 705    1.024113
000983 7629   1.573601
000984 899    1.033370
000985 1063   1.034807
000986 10609  1.690640
000987 8997   1.662776
000988 20467  1.756144
000989 362721 4.546142
000990 685    1.075912
000991 109    1.100917
000992 219    1.031963
000993 113613 2.606057
000994 243975 3.695989
000995 9645   1.761638
000996 605    1.046281
000997 27709  1.754051
000998 24445  1.715443
000999 8035   1.560921
001000 473    1.023256
001001 6301   1.663228
001002 6699   1.507389
001003 154641 2.982767
001004 174839 3.049451
001005 557575 5.787386
001006 865    1.075145
001007 2863   1.315054
001008 371    1.032345
001009 131    1.022901
001010 364421 4.570497
001011 1319   1.135709
001012 5511   1.669570
001013 18931  1.754952
001014 62915  2.169657
001015 1571   1.230426
001016 1061   1.081056
001017 797    1.095358
001018 669    1.026906
001019 3119   1.386342
001020 387583 4.686359
001021 14713  1.705838
001022 131011 2.789689
001023 555    1.299099
001024 2245   1.190646
001025 174809 3.142395
001026 75371  2.234971
001027 7729   1.604218
001028 195    1.128205
001029 119    1.084034
001030 125    1.192000
001031 193999 3.303759
001032 327    1.073394
001033 3189   1.399498
001034 18469  1.737885
001035 3229   1.410963
001036 171    1.222222
001037 49151  1.980509
001038 129    1.124031
001039 138075 2.831302
001040 3525   1.584397
001041 1301   1.186779
001042 373    1.042895
001043 282119 3.960056
001044 183715 3.328324
001045 7261   1.535877
001046 10797  1.728628
001047 275289 4.013978
001048 50669  2.044958
001049 307389 4.200147
001050 250263 3.776455
001051 373    1.375335
001052 933    1.080386
001053 4281   1.836487
001054 97415  2.503629
001055 1209   1.139785
001056 80999  2.320732
001057 20109  1.763787
001058 122601 2.656553
001059 1091   1.201650
001060 9745   1.721190
001061 408363 5.049684
001062 403    1.114144
001063 309    1.158576
001064 127023 2.833235
001065 13617  1.783947
001066 1977   1.036419
001067 10969  1.837451
001068 193    1.310881
001069 2469   1.223167
001070 46171  2.078599
001071 310017 4.212375
001072 485711 5.377951
001073 147    1.142857
001074 84713  2.386198
001075 9413   2.052693
001076 17411  1.901442
001077 215147 3.696812
001078 166563 3.344572
001079 111    1.252252
001080 29591  2.003379
001081 83345  2.521159
001082 3175   1.598425
001083 456667 5.644693
001084 49209  2.218111
001085 1621   1.214682
001086 386327 5.484333
001087 143    1.342657
001088 145    1.020690
001089 148955 3.030459
001090 8345   1.561893
001091 6423   1.527635
001092 1627   1.108789
001093 55049  2.039710
001094 1147   1.080209
001095 212607 3.603273
001096 499823 6.064045
001097 13211  1.761638
001098 76635  2.306766
001099 26421  1.891488
001100 2841   1.371348
001101 493    1.146045
001102 4621   1.853495
001103 353    1.059490
001104 1715   1.140525
001105 24433  1.774649
001106 76837  2.264664
001107 9993   1.705194
001108 2053   1.095470
001109 77575  2.340909
001110 384593 4.791249
001111 8785   1.628685
001112 31631  1.959913
001113 49601  2.021330
001114 72609  2.189770
001115 104091 2.559952
001116 5551   1.691407
001117 143    1.013986
001118 40821  1.916318
001119 47357  1.982621
001120 955    1.205236
001121 48987  2.032274
001122 183501 3.146719
001123 14237  1.788790
001124 300497 4.219719
001125 1815   1.196143
001126 67755  2.139266
001127 697    1.197991
001128 37207  1.941086
001129 42051  2.124397
001130 25091  1.859511
001131 122729 2.662077
001132 701    1.236805
001133 1031   1.041707
001134 795    1.206289
001135 2021   1.077684
001136 3741   1.523657
001137 58455  2.185356
001138 13619  1.778985
001139 381695 4.815706
001140 32475  1.856905
001141 45289  2.067191
001142 6619   1.718840
001143 765    1.152941
001144 4155   1.694826
001145 73013  2.246970
001146 281    1.145907
001147 4467   1.726886
001148 237    1.054852
001149 917    1.209378
001150 488773 5.470265
001151 240533 3.674610
001152 2237   1.113545
001153 3397   1.534884
001154 13225  1.868885
001155 132095 2.838533
001156 69361  2.199536
001157 125067 2.735798
001158 1579   1.132996
001159 193    1.186528
001160 405    1.219753
001161 125793 2.731440
001162 5301   1.733824
001163 44325  2.017214
001164 20077  1.781989
001165 400345 4.919065
001166 1749   1.074900
001167 25305  1.790950
001168 561271 5.923392
001169 21949  1.741355
001170 645    1.035659
001171 60349  2.103233
001172 7685   1.608458
001173 21949  1.697754
001174 91057  2.384935
001175 8331   1.621174
001176 553    1.072333
001177 1243   1.036203
001178 11749  1.685675
001179 277    1.126354
001180 13239  1.707682
001181 147    1.020408
001182 51095  2.086995
001183 34467  1.904082
001184 317589 4.334136
001185 883    1.198188
001186 137    1.233577
001187 127    1.015748
001188 13267  1.726992
001189 183701 3.342426
001190 3381   1.607513
001191 4871   1.757134
001192 2731   1.484804
001193 19647  1.812847
001194 430873 4.984450
001195 283    1.088339
001196 32999  1.865208
001197 151    1.139073
001198 1067   1.238988
001199 429467 5.007940
001200 3293   1.596417
001201 183    1.027322
001202 103639 2.546107
001203 1249   1.113691
001204 20481  1.753332
001205 171    1.052632
001206 1761   1.236797
001207 163093 2.978601
001208 449    1.216036
001209 227661 3.604680
001210 220941 3.521402
001211 268045 3.868265
001212 167    1.365269
001213 5095   1.677527
001214 91409  2.401984
001215 1599   1.302689
001216 343    1.040816
001217 38195  1.899987
001218 509    1.104126
001219 367    1.038147
001220 109    1.027523
001221 336131 4.415049
001222 13937  1.708474
001223 1605   1.037383
001224 109    1.027523
001225 72291  2.173701
001226 30107  1.881224
001227 2309   1.239931
001228 515285 5.652280
001229 16601  1.757244
001230 293933 4.099308
001231 985    1.089340
001232 105    1.095238
001233 44473  1.910822
001234 171    1.076023
001235 221873 3.550775
001236 1131   1.173298
001237 12859  1.666382
001238 207    1.019324
001239 21897  1.802758
001240 94175  2.433278
001241 271    1.202952
001242 17975  1.764284
001243 289    1.051903
001244 20165  1.788941
001245 36019  2.000361
001246 2953   1.509990
001247 22691  1.863338
001248 425    1.051765
001249 19453  1.845062
001250 4791   1.890420
001251 79261  2.361502
001252 264457 3.864772
001253 203289 3.344406
001254 143091 2.765149
001255 1779   1.103991
001256 1389   1.097192
001257 159    1.069182
001258 169    1.201183
001259 21277  1.956338
001260 441    1.097506
001261 244413 3.783031
001262 3247   1.653526
001263 285    1.301754
001264 6221   1.801800
001265 282639 3.937974
001266 303    1.089109
001267 163    1.012270
001268 287    1.031359
001269 6823   1.538033
001270 1523   1.030204
001271 161581 2.973988
001272 24287  1.751225
001273 1587   1.076875
001274 22689  1.843008
001275 408127 4.856572
001276 3479   1.511929
001277 198551 3.268943
001278 147893 2.908839
001279 2565   1.081481
001280 337    1.038576
001281 58469  2.065659
001282 15095  1.794634
001283 2031   1.037420
001284 835    1.155689
001285 3383   1.475318
001286 7641   1.531082
001287 25389  1.750010
001288 307581 4.125050
001289 21359  1.687017
001290 29453  1.890843
001291 12689  1.638979
001292 1159   1.040552
001293 3857   1.537983
001294 267281 3.798942
001295 115489 2.612595
001296 214213 3.659923
001297 7545   1.577469
001298 1339   1.094847
001299 127    1.141732
001300 1549   1.151711
001301 743    1.123822
001302 1603   1.152215
001303 194751 3.312969
001304 138421 2.999054
001305 68469  2.323679
001306 7285   1.698010
001307 119    1.117647
001308 113    1.097345
001309 321    1.090343
001310 7571   1.646414
001311 308575 4.301878
001312 39327  1.919470
001313 1401   1.132762
001314 302033 4.205458
001315 69883  2.175880
001316 29327  1.805674
001317 76305  2.201612
001318 8961   1.626269
001319 36193  1.895228
001320 38263  1.867888
001321 583    1.027444
001322 27545  1.755854
001323 1509   1.102717
001324 68023  2.073725
001325 169    1.076923
001326 336917 4.394462
001327 76927  2.216465
001328 10205  1.653699
001329 405945 4.977458
001330 17937  1.764955
001331 230389 3.616596
001332 6487   1.641745
001333 389061 4.705067
001334 513    1.103314
001335 157    1.025478
001336 213    1.361502
001337 6055   1.658960
001338 643    1.023328
001339 214725 3.467235
001340 105    1.152381
001341 5407   1.757906
001342 469    1.046908
001343 859    1.048894
001344 575    1.036522
001345 1105   1.033484
001346 39887  1.905759
001347 1085   1.050691
001348 19655  1.727499
001349 2835   1.347090
001350 2437   1.141978
001351 103747 2.516516
001352 107823 2.520149
001353 183    1.464481
001354 220265 3.469852
001355 131141 2.738099
001356 3103   1.409604
001357 99129  2.459371
001358 562937 5.863843
001359 504453 5.470232
001360 432371 4.967500
001361 19567  1.708949
001362 423    1.021277
001363 11915  1.672178
001364 109    1.165138
001365 6549   1.640556
001366 319    1.238245
001367 137    1.014599
001368 48125  1.953455
001369 4619   1.883958
001370 382769 4.679791
001371 356447 4.493742
001372 59277  2.065725
001373 171    1.093567
001374 633    1.159558
001375 2773   1.345474
001376 259305 3.779970
001377 1701   1.119929
001378 317697 4.220103
001379 127    1.212598
001380 1873   1.069941
001381 251    1.167331
001382 875    1.104000
001383 369    1.021680
001384 7787   1.572749
001385 68405  2.151363
001386 9973   1.750125
001387 234115 3.517929
001388 173    1.104046
001389 25105  1.733320
001390 282169 4.020743
001391 186307 3.252347
001392 579    1.062176
001393 8449   1.557581
001394 43933  1.984385
001395 6441   1.686695
001396 1235   1.184615
001397 3945   1.629151
001398 6935   1.489113
001399 4567   1.618130
001400 5151   1.704912
001401 38911  1.856108
001402 561    1.037433
001403 967    1.034126
001404 113    1.017699
001405 340329 4.389059
001406 3303   1.701786
001407 17553  1.857688
001408 239    1.025105
001409 22363  1.779636
001410 14763  1.858836
001411 313    1.019169
001412 29597  1.816840
001413 5347   1.778754
001414 176957 3.256390
001415 22271  1.773203
001416 583    1.140652
001417 3533   1.601755
001418 211    1.284360
001419 2017   1.170550
001420 251    1.183267
001421 425189 4.954902
001422 2397   1.169378
001423 127    1.031496
001424 3211   1.501713
001425 111623 2.600172
001426 15681  1.745233
001427 1343   1.052122
001428 251    1.159363
001429 59035  2.119810
001430 1951   1.159918
001431 2923   1.378720
001432 17045  1.765444
001433 36935  1.947881
001434 15353  1.914414
001435 6703   1.646576
001436 107127 2.807780
001437 11079  1.812980
001438 465    1.109677
001439 4441   1.879757
001440 95591  2.496197
001441 471595 5.220532
001442 493    1.093306
001443 139    1.064748
001444 1249   1.197758
001445 561    1.026738
001446 74235  2.184091
001447 293421 4.047294
001448 156427 2.923555
001449 456405 5.141076
001450 119    1.100840
001451 3667   1.548132
001452 477285 5.417849
001453 141    1.134752
001454 2041   1.067124
001455 1327   1.117558
001456 353    1.220963
001457 400607 5.023035
001458 87403  2.385227
001459 729    1.311385
001460 7903   1.635961
001461 132403 2.896513
001462 430633 5.160522
001463 154403 3.100354
001464 179097 3.116311
001465 367    1.337875
001466 4313   1.663343
001467 1083   1.106187
001468 2033   1.182489
001469 45739  1.987975
001470 72171  2.365479
001471 159211 3.248293
001472 2693   1.277757
001473 180887 3.166375
001474 51071  2.252531
001475 117    1.452991
001476 1075   1.134884
001477 459    1.108932
001478 142393 2.885458
001479 444777 5.309908
001480 377925 4.994840
001481 5781   1.642276
001482 540769 5.809187
001483 413    1.055690
001484 203    1.113300
001485 147    1.129252
001486 3007   1.418025
001487 85043  2.394883
001488 319    1.081505
001489 149547 2.906979
001490 2399   1.163401
001491 329929 4.387665
001492 2165   1.142725
001493 255227 3.826958
001494 460875 5.199547
001495 76439  2.233899
001496 14403  1.749774
001497 763    1.106160
001498 307025 4.183637
001499 653    1.081164
001500 104601 2.487844
001501 997    1.158475
001502 171    1.023392
001503 269    1.018587
001504 111    1.027027
001505 49829  2.061551
001506 3339   1.557652
001507 133    1.022556
001508 61823  2.103829
001509 3227   1.632166
001510 190379 3.216962
001511 319    1.163009
001512 14411  1.779543
001513 1785   1.042017
001514 2821   1.249911
001515 90303  2.383609
001516 18665  1.707742
001517 27989  1.883990
001518 13437  1.785666
001519 44965  1.964506
001520 3565   1.594670
001521 387229 4.785367
001522 117    1.119658
001523 321    1.049844
001524 3401   1.599236
001525 348177 4.410794
001526 172447 3.098007
001527 116351 2.588925
001528 31667  1.883254
001529 10321  1.688015
001530 54311  2.062860
001531 153    1.202614
001532 410267 4.850429
001533 989    1.134479
001534 10453  1.721707
001535 1307   1.153022
001536 349215 5.058044
001537 510787 6.126305
001538 1267   1.110497
001539 105    1.028571
001540 155    1.019355
001541 493    1.093306
001542 2785   1.367325
001543 637    1.045526
001544 37529  1.881452
001545 56363  2.041109
001546 329613 4.767870
001547 527    1.091082
001548 5037   1.691880
001549 29419  1.774228
001550 611    1.042553
001551 80947  2.323557
001552 1019   1.127576
001553 2421   1.109046
001554 79349  2.273652
001555 67755  2.137436
001556 178835 3.396220
001557 4339   1.627103
001558 179    1.022346
001559 5319   1.618349
001560 113    1.026549
001561 266301 4.129778
001562 9939   1.636181
001563 161653 3.105498
001564 6729   1.561748
001565 49119  2.014740
001566 69357  2.102210
001567 315    1.219048
001568 131    1.015267
001569 913    1.066813
001570 296267 4.433038
001571 14693  1.739468
001572 131    1.015267
001573 36919  1.897776
001574 376411 4.980333
001575 16517  1.698432
001576 59959  2.062659
001577 147    1.272109
001578 43599  1.872704
001579 78881  2.431143
001580 23279  1.849736
001581 31285  1.938469
001582 31613  1.842755
001583 185883 3.334544
001584 21485  1.661717
001585 136059 2.873033
001586 51779  2.022094
001587 437145 5.454540
001588 26279  1.757449
001589 4029   1.563167
001590 80121  2.340722
001591 40591  1.894878
001592 1379   1.047136
001593 28165  1.730126
001594 223    1.022422
001595 7283   1.483729
001596 306217 4.737526
001597 367335 4.602785
001598 295    1.101695
001599 537    1.100559
001600 93807  2.426290
001601 361    1.301939
001602 5499   1.746499
001603 103373 2.546729
001604 703    1.096728
001605 3067   1.479948
001606 126241 2.713817
001607 113    1.212389
001608 304301 4.143933
001609 297011 4.125470
001610 473    1.093023
001611 515349 6.286751
001612 587    1.057922
001613 283689 4.027572
001614 83041  2.339651
001615 317    1.072555
001616 126009 2.719988
001617 297399 4.042973
001618 537407 5.738388
001619 10989  1.756757
001620 517099 5.649990
001621 65145  2.124000
001622 609    1.160920
001623 4163   1.682441
001624 261    1.157088
001625 2297   1.154985
001626 12417  1.650962
001627 301    1.328904
001628 671    1.037258
001629 33307  1.915513
001630 31063  1.909796
001631 2303   1.226227
001632 84813  2.353649
001633 1015   1.258128
001634 205    1.229268
001635 307    1.364821
001636 316561 4.414539
001637 9609   1.707670
001638 7567   1.684551
001639 543    1.222836
001640 1461   1.034908
001641 1553   1.032840
001642 9063   1.680900
001643 124459 2.705598
001644 361    1.362881
001645 118157 2.698393
001646 38273  1.907115
001647 213    1.023474
001648 149    1.147651
001649 213    1.023474
001650 544429 5.965696
001651 58197  2.082307
001652 521    1.310940
001653 463    1.025918
001654 2891   1.434106
001655 113643 2.581074
001656 54613  2.399484
001657 659    1.864947
001658 22775  2.461076
001659 245    1.497959
001660 351    1.455840
001661 365    1.463014
001662 70759  3.050142
001663 22705  2.341643
001664 326125 4.857916
001665 215    1.093023
001666 309019 4.331184
001667 17065  1.729329
001668 27443  1.800860
001669 971    1.111226
001670 414475 5.206874
001671 297661 4.236366
001672 105755 2.552778
001673 365423 4.714364
001674 183    1.114754
001675 31081  1.856697
001676 39563  1.909992
001677 193651 3.327801
001678 1547   1.117001
001679 10305  1.700534
001680 414373 5.354398
001681 333555 4.671020
001682 18319  1.688302
001683 3683   1.523758
001684 875    1.035429
001685 104213 2.550632
001686 317    1.198738
001687 236695 3.654754
001688 90639  2.478547
001689 28835  1.842483
001690 8957   1.675003
001691 26931  1.753630
001692 1729   1.185656
001693 38709  1.889173
001694 15169  1.811194
001695 5103   1.653341
001696 499    1.286573
001697 937    1.030950
001698 22377  1.712160
001699 65227  2.113757
001700 319121 4.283375
001701 135    1.266667
001702 5203   1.797617
001703 303055 4.144192
001704 418601 5.032126
001705 1047   1.073543
001706 529    1.126654
001707 579327 6.046174
001708 6395   1.579828
001709 28545  1.806971
001710 511587 5.662409
001711 2033   1.068864
001712 66155  2.103394
001713 10469  1.697870
001714 344427 4.382482
001715 54845  2.014350
001716 9419   1.734685
001717 438005 5.203205
001718 158999 2.957497
001719 102493 2.407657
001720 5453   1.794425
001721 3213   1.491441
001722 5523   1.778924
001723 245    1.077551
001724 12011  1.698693
001725 1527   1.090373
001726 368075 4.696037
001727 21043  1.825120
001728 2891   1.422345
001729 1167   1.163668
001730 373    1.252011
001731 447    1.071588
001732 105619 2.633390
001733 1105   1.257014
001734 55331  2.158284
001735 18995  1.753988
001736 101515 2.572585
001737 2109   1.115695
001738 2403   1.285060
001739 118583 2.831890
001740 47471  2.060163
001741 28647  1.932454
001742 87731  2.355142
001743 24663  1.860317
001744 171863 3.365896
001745 1593   1.328311
001746 1653   1.185118
001747 38723  2.139994
001748 2703   1.431373
001749 92655  2.490659
001750 207    1.207729
001751 1067   1.105904
001752 2033   1.221348
001753 173    1.023121
001754 1409   1.114975
001755 116929 2.904429
001756 90497  2.460159
001757 250289 4.330582
001758 65055  2.907555
001759 493    1.498986
001760 31075  2.614771
001761 3635   1.922696
001762 355    1.242254
001763 1309   1.254393
001764 371    1.175202
001765 1859   1.158150
001766 16667  1.866623
001767 1099   1.069154
001768 7533   1.611841
001769 191227 3.587030
001770 2799   1.717399
001771 165265 3.419399
001772 3991   1.747432
001773 241    1.149378
001774 526495 5.958129
001775 16127  1.773051
001776 477773 5.558378
001777 237465 3.644036
001778 416111 5.297219
001779 145    1.165517
001780 1513   1.048249
001781 112979 2.586870
001782 127    1.259843
001783 869    1.070196
001784 675    1.151111
001785 180959 3.235446
001786 14193  2.472627
001787 8799   2.189794
001788 60047  2.932203
001789 15515  2.419594
001790 1125   1.476444
001791 98037  3.088018
001792 1897   1.188192
001793 62817  2.262206
001794 4183   2.670810
001795 10133  2.344617
001796 10065  2.294188
001797 68991  2.948080
001798 8189   2.211137
001799 137    1.985401
001800 75197  2.727409
001801 1733   1.252164
001802 33165  1.959204
001803 149331 3.497251
001804 439    1.175399
001805 68105  2.205609
001806 119    1.100840
001807 761    1.231275
001808 18849  1.895379
001809 200381 3.427401
001810 223371 3.663076
001811 1749   1.204117
001812 1651   1.038764
001813 11969  2.043111
001814 360519 4.738086
001815 111    1.180180
001816 144193 2.945490
001817 11293  1.781015
001818 145605 2.911047
001819 118303 2.711301
001820 923    1.072589
001821 279    1.039427
001822 35437  1.926630
001823 19679  1.776564
001824 1511   1.143614
001825 2947   1.454700
001826 38317  2.080434
001827 6177   1.710701
001828 241    1.016598
001829 104379 2.610132
001830 81083  2.316047
001831 1191   1.209068
001832 184709 3.271010
001833 1643   1.152161
001834 261    1.019157
001835 35263  1.960724
001836 58635  2.127296
001837 361    1.224377
001838 8861   1.748561
001839 5909   1.664918
001840 24673  1.858590
001841 145    1.013793
001842 1137   1.279683
001843 4207   1.665557
001844 773    1.172057
001845 4653   1.722330
001846 205    1.009756
001847 82047  2.404987
001848 100287 2.503874
001849 36617  1.968430
001850 351    1.336182
001851 5743   1.747170
001852 33863  1.986032
001853 1695   1.273746
001854 50427  2.127273
001855 117    1.051282
001856 219    1.196347
001857 5889   1.708609
001858 2063   1.105187
001859 533071 5.825042
001860 351441 4.581901
001861 56981  2.047402
001862 383497 4.781855
001863 13985  1.730282
001864 1651   1.062386
001865 2097   1.152599
001866 45651  2.027250
001867 14101  1.819020
001868 586401 6.840814
001869 11045  2.940878
001870 401    1.628429
001871 194717 3.856181
001872 553    1.099458
001873 8393   1.623019
001874 8023   1.709460
001875 4649   1.708539
001876 513    1.097466
001877 32123  1.969274
001878 5143   1.846393
001879 4081   1.693948
001880 42729  2.003510
001881 96693  2.578573
001882 22403  1.760479
001883 211581 3.469952
001884 268251 4.051825
001885 123    1.121951
001886 147    1.047619
001887 462781 5.450098
001888 145    1.358621
001889 68367  2.214914
001890 881    1.185017
001891 193    1.108808
001892 1247   1.380112
001893 117    1.059829
001894 553    1.103074
001895 2877   1.429962
001896 4555   1.843908
001897 7975   1.681003
001898 357    1.156863
001899 8405   1.730637
001900 1081   1.098982
001901 290095 4.620673
001902 311409 5.353725
001903 203875 3.380277
001904 17407  1.700465
001905 111    1.018018
001906 5749   1.702383
001907 109071 2.624428
001908 63137  2.099514
001909 1117   1.145031
001910 5429   1.742862
001911 133    1.022556
001912 32481  1.923001
001913 44813  1.971749
001914 112925 2.532353
001915 169    1.118343
001916 503    1.411531
001917 18011  1.740214
001918 116061 2.666064
001919 87027  2.576970
001920 249    1.791165
001921 25109  1.885141
001922 3923   1.766250
001923 437    1.137300
001924 162207 3.040590
001925 170437 3.149486
001926 4665   1.811790
001927 531    1.101695
001928 13967  1.836042
001929 159943 3.161401
001930 22303  1.807739
001931 645    1.068217
001932 1485   1.075421
001933 3613   1.624135
001934 119161 2.681750
001935 19735  1.741525
001936 639    1.053208
001937 517    1.135397
001938 4071   1.709654
001939 9739   1.644625
001940 1073   1.075489
001941 19531  1.752752
001942 101    1.019802
001943 49635  2.003143
001944 931    1.129968
001945 481409 5.644464
001946 669    1.162930
001947 70987  2.362475
001948 150439 3.286920
001949 161501 3.287175
001950 10687  1.870497
001951 7769   1.615266
001952 140009 3.248541
001953 92851  2.592832
001954 2747   1.469239
001955 1611   1.219119
001956 8349   1.770511
001957 54879  2.286503
001958 363493 5.369977
001959 318297 4.634982
001960 5291   1.839728
001961 90983  2.552477
001962 182965 3.446353
001963 9991   1.843459
001964 35035  2.043899
001965 379255 4.865254
001966 546283 5.921222
001967 4229   1.707023
001968 46589  1.988560
001969 145    1.068966
001970 1985   1.061965
001971 18967  1.760531
001972 7353   1.569835
001973 13641  1.836522
001974 849    1.070671
001975 1077   1.176416
001976 17453  1.875723
001977 4549   1.753572
001978 6799   1.709663
001979 7577   1.539923
001980 258819 3.767525
001981 169135 3.106885
001982 593    1.192243
001983 301    1.023256
001984 579    1.272884
001985 6283   1.688206
001986 292679 4.043570
001987 81755  2.317253
001988 6779   1.590205
001989 2427   1.040791
001990 13233  1.761052
001991 1233   1.241687
001992 6405   1.630445
001993 19045  1.813547
001994 225    1.075556
001995 240645 3.858979
001996 1035   1.191304
001997 5613   1.822020
001998 1415   1.168905
001999 20301  1.896902
