000000 463391 1.688347
000001 127    0.259843
000002 61837  0.444604
000003 45     0.311111
000004 173    0.236994
000005 415677 1.130856
000006 1183   0.229924
000007 2279   0.207108
000008 891    0.232323
000009 17789  0.390522
000010 382135 1.097889
000011 22071  0.394046
000012 263773 0.876701
000013 10945  0.417725
000014 442043 1.213500
000015 197197 0.700792
000016 3641   0.201868
000017 642775 1.658977
000018 173197 0.662454
000019 6293   0.204672
000020 36131  0.401041
000021 502381 1.300861
000022 4293   0.193105
000023 35     0.285714
000024 32693  0.372465
000025 417    0.232614
000026 813    0.271833
000027 407    0.191646
000028 50787  0.448048
000029 1024265 2.465290
000030 1669   0.194128
000031 59695  0.417271
000032 9511   0.337504
000033 947    0.215417
000034 76303  0.460781
000035 41     0.292683
000036 7701   0.260875
000037 502027 1.340468
000038 81     0.283951
000039 287    0.229965
000040 2041   0.193533
000041 455679 1.225670
000042 1093   0.204941
000043 6549   0.251947
000044 272063 0.880847
000045 14847  0.394019
000046 204283 0.702452
000047 605009 1.532260
000048 8857   0.333973
000049 21711  0.405969
000050 153183 0.676753
000051 80809  0.476890
000052 2341   0.210594
000053 125    0.208000
000054 213    0.248826
000055 471405 1.314562
000056 971761 2.276876
000057 2563   0.223566
000058 27815  0.423369
000059 71365  0.474294
000060 1013   0.210267
000061 97513  0.573247
000062 87609  0.524284
000063 39     0.307692
000064 720181 1.780654
000065 642823 1.673038
000066 315211 0.959189
000067 646439 1.950323
000068 1821   0.276222
000069 35969  0.572076
000070 56525  0.563361
000071 3145   0.281399
000072 4723   0.270802
000073 12679  0.560770
000074 14007  0.538445
000075 8409   0.407064
000076 657427 1.750788
000077 129    0.271318
000078 1511   0.204500
000079 71009  0.442888
000080 137    0.233577
000081 699    0.201717
000082 43257  0.429919
000083 219    0.232877
000084 113    0.212389
000085 7699   0.289128
000086 1083833 2.665152
000087 26789  0.415432
000088 129    0.217054
000089 1903   0.193904
000090 273563 0.899288
000091 292067 0.945198
000092 39235  0.455333
000093 88699  0.530299
000094 37     0.351351
000095 110493 0.554587
000096 5895   0.197116
000097 202431 0.738247
000098 20551  0.364800
000099 171    0.298246
000100 24541  0.392364
000101 58545  0.405363
000102 2711   0.186278
000103 253    0.197628
000104 1141   0.184926
000105 39981  0.385483
000106 21315  0.374900
000107 70503  0.449031
000108 228529 0.746697
000109 375    0.250667
000110 189    0.201058
000111 33755  0.388446
000112 154233 0.636511
000113 381    0.230971
000114 661573 1.738865
000115 1195   0.200000
000116 7197   0.242184
000117 87     0.218391
000118 1923   0.185647
000119 28737  0.388036
000120 49     0.244898
000121 293    0.286689
000122 747571 1.930650
000123 111    0.396396
000124 3213   0.271397
000125 2641   0.254070
000126 2997   0.234902
000127 355    0.202817
000128 47     0.255319
000129 97     0.226804
000130 387    0.201550
000131 25247  0.427298
000132 9143   0.332604
000133 22729  0.398654
000134 604843 1.576824
000135 4041   0.194011
000136 917319 2.228761
000137 29649  0.393268
000138 43     0.255814
000139 130847 0.547716
000140 644191 1.610676
000141 18059  0.359378
000142 3637   0.187242
000143 17025  0.351718
000144 9903   0.332626
000145 51297  0.405482
000146 29911  0.358564
000147 485847 1.283258
000148 679    0.245950
000149 375    0.208000
000150 2731   0.206518
000151 4575   0.227322
000152 279685 0.855384
000153 129    0.248062
000154 6221   0.192895
000155 815    0.188957
000156 409    0.188264
000157 103    0.213592
000158 483885 1.278572
000159 39     0.307692
000160 25523  0.382008
000161 1503   0.188290
000162 46923  0.390065
000163 594159 1.477285
000164 13059  0.398346
000165 525163 1.398747
000166 73     0.301370
000167 669    0.203288
000168 115    0.217391
000169 484359 1.273549
000170 675    0.228148
000171 89     0.235955
000172 170683 0.666798
000173 86927  0.475307
000174 314669 0.931560
000175 211    0.293839
000176 14647  0.388271
000177 2171   0.184708
000178 984893 2.375877
000179 560407 1.460728
000180 388367 1.155090
000181 65     0.276923
000182 5145   0.205637
000183 11469  0.409713
000184 435451 1.218824
000185 6311   0.227856
000186 1917   0.247261
000187 78441  0.503244
000188 51     0.274510
000189 499    0.206413
000190 187325 0.659704
000191 179    0.256983
000192 8003   0.274522
000193 84771  0.481544
000194 18845  0.376599
000195 65751  0.465347
000196 77     0.272727
000197 24795  0.422989
000198 211    0.203791
000199 7839   0.279755
000200 7013   0.264366
000201 1637   0.241906
000202 33     0.272727
000203 37     0.270270
000204 959147 2.252394
000205 55061  0.390531
000206 3491   0.186480
000207 33     0.303030
000208 415777 1.157546
000209 458007 1.313563
000210 1367   0.197513
000211 90465  0.498425
000212 32359  0.411694
000213 212417 0.761243
000214 13983  0.405993
000215 301    0.196013
000216 200225 0.717797
000217 83     0.289157
000218 35     0.285714
000219 435    0.275862
000220 383    0.190601
000221 651    0.190476
000222 103    0.213592
000223 123    0.203252
000224 22943  0.373796
000225 52519  0.399189
000226 280769 0.883816
000227 4887   0.191529
000228 305    0.193443
000229 734541 1.808777
000230 279    0.250896
000231 40015  0.400075
000232 247303 0.814798
000233 4273   0.234028
000234 51     0.254902
000235 141525 0.622731
000236 942301 2.227135
000237 31013  0.362590
000238 11675  0.436060
000239 1285   0.186770
000240 71495  0.455081
000241 6965   0.279684
000242 6135   0.214181
000243 65     0.246154
000244 1485   0.189899
000245 26309  0.374169
000246 44771  0.382949
000247 41     0.243902
000248 14363  0.386897
000249 61     0.229508
000250 366365 1.029296
000251 401    0.244389
000252 20707  0.363452
000253 605    0.224793
000254 2081   0.188371
000255 11843  0.374230
000256 37983  0.386963
000257 102165 0.499956
000258 71     0.267606
000259 3313   0.193480
000260 460551 1.226887
000261 73     0.369863
000262 309    0.226537
000263 22893  0.396060
000264 56181  0.395454
000265 50943  0.404236
000266 20835  0.373458
000267 226167 0.746280
000268 819    0.216117
000269 4069   0.191202
000270 42317  0.387575
000271 8065   0.268196
000272 10187  0.349563
000273 117    0.205128
000274 636415 1.629572
000275 201471 0.774087
000276 65     0.292308
000277 75     0.213333
000278 27987  0.383750
000279 203    0.201970
000280 77187  0.443702
000281 1131   0.196286
000282 24481  0.378457
000283 1001099 2.323107
000284 42647  0.450465
000285 35339  0.423753
000286 1393   0.213927
000287 413    0.213075
000288 2817   0.209443
000289 58367  0.441225
000290 279777 0.869589
000291 601319 1.511377
000292 25287  0.393166
000293 489    0.202454
000294 679    0.210604
000295 789    0.188847
000296 213417 0.745461
000297 99     0.292929
000298 111    0.216216
000299 57215  0.441528
000300 217609 0.781774
000301 166339 0.623041
000302 525    0.219048
000303 237    0.194093
000304 844035 2.042257
000305 4207   0.199667
000306 126459 0.579856
000307 103915 0.541375
000308 4453   0.234000
000309 45065  0.424942
000310 31243  0.392472
000311 27977  0.411624
000312 111    0.216216
000313 165    0.242424
000314 241    0.195021
000315 23809  0.426855
000316 259    0.200772
000317 105    0.209524
000318 23601  0.388585
000319 94031  0.513341
000320 55     0.290909
000321 1879   0.228313
000322 67     0.238806
000323 1285   0.194553
000324 2755   0.207260
000325 11899  0.424237
000326 73873  0.467871
000327 447    0.214765
000328 839321 2.308191
000329 221241 1.019910
000330 213495 0.789990
000331 277    0.274368
000332 11663  0.417989
000333 6089   0.186237
000334 23965  0.389568
000335 53389  0.457023
000336 203    0.226601
000337 481    0.243243
000338 35     0.342857
000339 106199 0.522095
000340 633919 1.657540
000341 45     0.311111
000342 17591  0.368768
000343 79985  0.452222
000344 27277  0.367159
000345 540415 1.433187
000346 2249   0.208092
000347 487    0.188912
000348 254491 0.815333
000349 91111  0.477934
000350 331    0.211480
000351 451    0.199557
000352 207    0.193237
000353 209    0.301435
000354 777    0.204633
000355 2455   0.187373
000356 2309   0.218276
000357 3381   0.216504
000358 35     0.285714
000359 6649   0.188149
000360 93     0.258065
000361 73     0.219178
000362 4781   0.198494
000363 498513 1.320004
000364 15177  0.377677
000365 132901 0.565617
000366 1167559 2.681500
000367 32277  0.381944
000368 97     0.216495
000369 22795  0.392674
000370 70293  0.481214
000371 235    0.404255
000372 1009163 2.376937
000373 47     0.297872
000374 2985   0.189615
000375 705    0.232624
000376 478421 1.284062
000377 209    0.258373
000378 5379   0.229225
000379 2857   0.186209
000380 567495 1.452732
000381 3367   0.188892
000382 33     0.272727
000383 705    0.188652
000384 1825   0.185205
000385 135    0.207407
000386 271    0.221402
000387 626867 1.593276
000388 623    0.210273
000389 915317 2.221780
000390 172599 0.695827
000391 2845   0.227065
000392 289    0.207612
000393 59561  0.434546
000394 675419 1.775151
000395 53153  0.436325
000396 385    0.207792
000397 4213   0.196772
000398 57393  0.424041
000399 135    0.237037
000400 307    0.218241
000401 76621  0.472481
000402 3919   0.188058
000403 144125 0.582078
000404 81     0.320988
000405 439731 1.225811
000406 731    0.207934
000407 23209  0.477573
000408 26563  0.402741
000409 705689 1.769243
000410 14937  0.427864
000411 53     0.264151
000412 9725   0.401028
000413 22097  0.430239
000414 40597  0.436091
000415 441605 1.238693
000416 527    0.233397
000417 99     0.212121
000418 183    0.196721
000419 6855   0.214442
000420 37     0.270270
000421 117973 0.531418
000422 49     0.326531
000423 149    0.234899
000424 1933   0.192964
000425 231265 0.764781
000426 51     0.333333
000427 20059  0.374894
000428 2207   0.193022
000429 10545  0.383499
000430 374219 1.096478
000431 692709 1.731511
000432 61     0.278689
000433 2525   0.211485
000434 93     0.225806
000435 300831 0.914088
000436 17495  0.380680
000437 4101   0.242380
000438 387    0.206718
000439 198003 0.718691
000440 4389   0.199134
000441 197819 0.718030
000442 1941   0.236991
000443 50785  0.428867
000444 55     0.236364
000445 14573  0.424964
000446 1146851 2.695545
000447 337    0.234421
000448 445    0.204494
000449 77     0.233766
000450 185    0.259459
000451 1535   0.202606
000452 31769  0.390821
000453 23173  0.389548
000454 97957  0.516819
000455 703621 1.810499
000456 10151  0.374643
000457 2919   0.202124
000458 1007   0.239325
000459 6777   0.200384
000460 107    0.373832
000461 57     0.263158
000462 515439 1.415135
000463 249    0.257028
000464 49     0.265306
000465 633    0.238547
000466 4731   0.251532
000467 25421  0.414972
000468 974115 2.378121
000469 39     0.333333
000470 6297   0.203430
000471 1439   0.243224
000472 75     0.253333
000473 733851 1.882050
000474 5171   0.233417
000475 227    0.202643
000476 5689   0.193883
000477 3721   0.195378
000478 4111   0.194113
000479 1545   0.225243
000480 183311 0.674111
000481 9433   0.367858
000482 141681 0.629915
000483 102861 0.520800
000484 65     0.292308
000485 111    0.225225
000486 4577   0.211711
000487 199    0.201005
000488 285    0.203509
000489 137    0.211679
000490 12463  0.424055
000491 487    0.193018
000492 623    0.194222
000493 121745 0.563382
000494 379743 1.081526
000495 41057  0.385318
000496 8543   0.287955
000497 970309 2.546554
000498 108319 0.566937
000499 3281   0.224931
000500 59     0.254237
000501 5459   0.221469
000502 99     0.242424
000503 53     0.320755
000504 33     0.363636
000505 367491 1.165892
000506 153927 0.688924
000507 56135  0.459464
000508 431    0.401392
000509 1003501 2.456825
000510 375687 1.082316
000511 401    0.241895
000512 97     0.216495
000513 12951  0.412246
000514 1331   0.199098
000515 81765  0.477429
000516 305891 0.922525
000517 1629   0.198895
000518 716217 1.865380
000519 210259 0.762388
000520 187    0.262032
000521 20703  0.375308
000522 2411   0.246786
000523 467    0.218415
000524 129    0.217054
000525 279    0.200717
000526 583    0.269297
000527 22271  0.385120
000528 375    0.197333
000529 893    0.193729
000530 140749 0.616736
000531 882877 2.138018
000532 189    0.269841
000533 269    0.211896
000534 67     0.253731
000535 1583   0.276690
000536 27689  0.447578
000537 1355   0.216236
000538 30533  0.406839
000539 2989   0.213115
000540 9001   0.383624
000541 23187  0.413249
000542 469    0.208955
000543 2299   0.214441
000544 107    0.224299
000545 289    0.204152
000546 69     0.246377
000547 538749 1.718075
000548 571013 1.541331
000549 36861  0.420987
000550 16701  0.418358
000551 203579 0.763350
000552 111    0.414414
000553 65099  0.468425
000554 542645 1.511215
000555 1403   0.206700
000556 31267  0.410017
000557 749613 2.117423
000558 175185 0.764792
000559 436649 1.300963
000560 53     0.320755
000561 10047  0.389967
000562 63083  0.483886
000563 4419   0.202535
000564 13409  0.439257
000565 5483   0.193507
000566 10243  0.369814
000567 1895   0.213193
000568 186793 0.748636
000569 261973 0.918973
000570 296415 0.986640
000571 60945  0.457577
000572 711    0.218003
000573 57     0.228070
000574 5017   0.250947
000575 1225   0.207347
000576 297    0.205387
000577 5115   0.186510
000578 69     0.260870
000579 2263   0.258065
000580 186361 0.743471
000581 347    0.305476
000582 18563  0.388515
000583 6043   0.200232
000584 633125 2.042404
000585 107    0.280374
000586 65141  0.464899
000587 57     0.315789
000588 585675 1.518859
000589 15139  0.405377
000590 1407   0.192608
000591 75     0.253333
000592 1597   0.193488
000593 747    0.277108
000594 3791   0.193880
000595 585    0.196581
000596 165861 0.661451
000597 151    0.264901
000598 3891   0.199949
000599 42345  0.396883
000600 57     0.228070
000601 273    0.227106
000602 563899 1.448346
000603 16723  0.363930
000604 1180279 2.663667
000605 807    0.204461
000606 339309 0.971869
000607 32607  0.385071
000608 201    0.203980
000609 67     0.238806
000610 13859  0.436612
000611 770377 1.891240
000612 5269   0.198140
000613 152441 0.622556
000614 47     0.340426
000615 57     0.245614
000616 247129 0.835090
000617 751    0.245007
000618 127    0.212598
000619 3285   0.196043
000620 7675   0.312573
000621 1473   0.198235
000622 1865   0.261662
000623 153    0.202614
000624 30993  0.375407
000625 354171 1.016331
000626 6685   0.202842
000627 2151   0.186890
000628 876071 2.057501
000629 3153   0.196638
000630 66577  0.432357
000631 157    0.242038
000632 320823 0.941597
000633 17677  0.354528
000634 6197   0.185412
000635 3709   0.191157
000636 178651 0.683758
000637 10201  0.377022
000638 73     0.219178
000639 231    0.194805
000640 137229 0.575163
000641 95     0.263158
000642 39     0.256410
000643 8797   0.304649
000644 3329   0.187744
000645 350971 1.001106
000646 150643 0.606613
000647 347761 1.035875
000648 149637 0.647667
000649 191    0.246073
000650 241    0.211618
000651 39883  0.404132
000652 145    0.248276
000653 1014217 2.386558
000654 978631 2.343438
000655 81     0.283951
000656 3609   0.224716
000657 109201 0.540197
000658 7031   0.257716
000659 876139 2.161767
000660 24037  0.414694
000661 45     0.244444
000662 495    0.195960
000663 1103   0.274705
000664 2991   0.193915
000665 7625   0.280393
000666 24747  0.420334
000667 6699   0.193462
000668 595    0.198319
000669 50999  0.426812
000670 37     0.297297
000671 219    0.287671
000672 41     0.268293
000673 3123   0.207493
000674 537    0.199255
000675 791299 1.961206
000676 6505   0.198616
000677 61027  0.442493
000678 185999 0.710289
000679 168729 0.632209
000680 557751 1.487106
000681 30079  0.369826
000682 67     0.223881
000683 13399  0.375924
000684 243    0.197531
000685 239545 0.805886
000686 6037   0.201259
000687 1119   0.210903
000688 17209  0.393108
000689 634191 1.671422
000690 3751   0.201813
000691 905    0.258564
000692 137    0.226277
000693 4345   0.224856
000694 458295 1.282981
000695 51359  0.440760
000696 127    0.220472
000697 37     0.297297
000698 115    0.217391
000699 16417  0.395505
000700 1385   0.194224
000701 153    0.228758
000702 19811  0.377568
000703 113433 0.561397
000704 49     0.306122
000705 12587  0.457853
000706 101    0.227723
000707 6949   0.250108
000708 559    0.212880
000709 1048113 2.494991
000710 443691 1.453444
000711 83     0.421687
000712 173369 0.764814
000713 9819   0.362868
000714 1237   0.194826
000715 1223   0.215863
000716 41     0.243902
000717 75587  0.463797
000718 982411 2.316232
000719 781    0.230474
000720 432201 1.240918
000721 239387 0.792420
000722 757    0.237781
000723 802421 1.976425
000724 969    0.283798
000725 21095  0.391230
000726 150787 0.615657
000727 3247   0.195565
000728 7311   0.258378
000729 71     0.239437
000730 531141 1.710088
000731 1927   0.253243
000732 1171   0.208369
000733 475    0.212632
000734 35331  0.437519
000735 2423   0.208007
000736 4483   0.218604
000737 1375   0.200727
000738 56743  0.453977
000739 2675   0.203738
000740 919    0.228509
000741 45     0.288889
000742 1949   0.200616
000743 305685 0.930700
000744 193    0.259067
000745 5823   0.196978
000746 1048635 2.800567
000747 501471 1.335752
000748 16963  0.394977
000749 319    0.206897
000750 317    0.305994
000751 41     0.243902
000752 79863  0.491567
000753 41137  0.399932
000754 62213  0.451979
000755 10379  0.404663
000756 63     0.253968
000757 6019   0.220469
000758 115    0.217391
000759 59     0.254237
000760 905    0.203315
000761 1367   0.200439
000762 8911   0.333633
000763 531    0.242938
000764 23047  0.439840
000765 26511  0.447663
000766 89103  0.554011
000767 44769  0.449284
000768 79     0.240506
000769 81     0.234568
000770 4395   0.204096
000771 5271   0.295959
000772 55     0.363636
000773 551    0.292196
000774 1573   0.284806
000775 52953  0.725719
000776 1047253 2.423087
000777 30517  0.379264
000778 259451 0.839207
000779 2221   0.190455
000780 6039   0.203014
000781 2203   0.243759
000782 3009   0.208043
000783 8105   0.313880
000784 9137   0.349349
000785 326111 1.053286
000786 6061   0.202772
000787 55     0.254545
000788 249503 0.833918
000789 682349 1.714196
000790 495    0.240404
000791 469    0.202559
000792 1383   0.195228
000793 57     0.228070
000794 18441  0.358928
000795 14259  0.385932
000796 819677 1.998992
000797 63     0.301587
000798 74865  0.488559
000799 10815  0.417938
000800 29539  0.392667
000801 14013  0.389710
000802 195    0.369231
000803 59     0.237288
000804 47089  0.455011
000805 795715 1.905433
000806 116075 0.537092
000807 3599   0.200889
000808 57639  0.441142
000809 16937  0.377753
000810 4385   0.204561
000811 1697   0.206836
000812 31399  0.379152
000813 143    0.223776
000814 357    0.201681
000815 8391   0.329162
000816 129    0.224806
000817 11389  0.452279
000818 66085  0.472119
000819 149305 0.667700
000820 4945   0.255207
000821 31091  0.429771
000822 57     0.263158
000823 90049  0.530978
000824 4981   0.212407
000825 95     0.221053
000826 7153   0.267580
000827 231411 0.806081
000828 712455 1.789035
000829 455793 1.275583
000830 9219   0.367502
000831 205    0.195122
000832 665    0.189474
000833 26039  0.378778
000834 341    0.243402
000835 470683 1.258458
000836 2091   0.193209
000837 18455  0.355784
000838 3645   0.201920
000839 180335 0.675959
000840 3039   0.214544
000841 687    0.192140
000842 40135  0.410365
000843 63     0.253968
000844 609    0.208539
000845 184049 0.847193
000846 105    0.342857
000847 1015   0.296552
000848 5153   0.268387
000849 1183439 2.850459
000850 29069  0.440882
000851 941239 2.304188
000852 499451 1.420668
000853 699    0.244635
000854 905    0.198895
000855 63181  0.460756
000856 27493  0.421234
000857 2067   0.203193
000858 456147 1.465374
000859 126375 0.769788
000860 4535   0.281367
000861 1087709 2.518007
000862 1333   0.210803
000863 941    0.188098
000864 12061  0.401045
000865 1073327 2.530709
000866 825    0.226667
000867 315955 0.964381
000868 12277  0.406533
000869 4485   0.354961
000870 137    0.364964
000871 3295   0.312595
000872 987    0.426545
000873 497    0.273642
000874 779    0.269576
000875 102953 0.745632
000876 79     0.354430
000877 157    0.375796
000878 23097  0.540157
000879 2175   0.283678
000880 579433 1.559901
000881 83     0.301205
000882 167    0.263473
000883 93789  0.488565
000884 541    0.207024
000885 14967  0.388588
000886 65501  0.445459
000887 1041   0.192123
000888 2701   0.186227
000889 109    0.211009
000890 29555  0.365590
000891 282399 0.886154
000892 571    0.224168
000893 10643  0.409565
000894 3051   0.186168
000895 95     0.210526
000896 63     0.317460
000897 22061  0.373374
000898 404657 1.119056
000899 16359  0.360291
000900 188039 0.669010
000901 877    0.233751
000902 708401 1.748570
000903 2341   0.198206
000904 112267 0.525337
000905 593905 1.538313
000906 355    0.267606
000907 374543 1.074857
000908 53     0.301887
000909 19739  0.369320
000910 69     0.231884
000911 134373 0.581188
000912 37507  0.452476
000913 8617   0.288616
000914 187957 0.736014
000915 459    0.220044
000916 539    0.189239
000917 11535  0.431296
000918 51     0.235294
000919 186255 0.694129
000920 35671  0.422752
000921 18167  0.362691
000922 7453   0.249966
000923 289    0.235294
000924 2579   0.189608
000925 2133   0.194093
000926 23211  0.404937
000927 3109   0.201351
000928 824469 2.164537
000929 4517   0.234448
000930 629509 1.659522
000931 32309  0.377542
000932 373761 1.090058
000933 13627  0.408894
000934 33     0.272727
000935 79885  0.467522
000936 10835  0.366313
000937 111    0.414414
000938 13841  0.411459
000939 227    0.207048
000940 239707 0.784562
000941 4865   0.192189
000942 25799  0.394046
000943 71     0.239437
000944 91     0.241758
000945 153    0.202614
000946 40241  0.406575
000947 91     0.263736
000948 1113   0.240791
000949 8945   0.319285
000950 131    0.229008
000951 1491   0.193830
000952 4099   0.201757
000953 1091885 2.771773
000954 227747 0.773477
000955 13625  0.399193
000956 65     0.230769
000957 1555   0.190354
000958 53     0.245283
000959 43     0.279070
000960 3127   0.206588
000961 73909  0.481268
000962 997585 2.323362
000963 35     0.400000
000964 28819  0.409452
000965 5461   0.237136
000966 60893  0.438819
000967 1375   0.210909
000968 144813 0.629460
000969 20925  0.387718
000970 251    0.203187
000971 410659 1.175007
000972 161    0.298137
000973 81     0.246914
000974 329    0.234043
000975 7803   0.306292
000976 123    0.227642
000977 16891  0.395891
000978 135477 0.643947
000979 173    0.271676
000980 5539   0.210507
000981 131    0.236641
000982 2661   0.215333
000983 287859 0.940078
000984 43463  0.414191
000985 2859   0.201469
000986 79161  0.484696
000987 3533   0.212001
000988 650791 1.815237
000989 25435  0.396658
000990 25925  0.391591
000991 111    0.225225
000992 121    0.280992
000993 18129  0.379558
000994 53     0.245283
000995 1189   0.206897
000996 1045199 2.502054
000997 75     0.386667
000998 2453   0.202201
000999 71     0.239437
