000000 122617 9.199695
000001 7315   3.722351
000002 290365 12.907117
000003 20738  4.087520
000004 104    2.586538
000005 249223 11.444417
000006 120033 8.282722
000007 699    3.303290
000008 13621  5.713090
000009 48     3.395833
000010 63     2.682540
000011 34143  4.455760
000012 990    3.285859
000013 4060   3.469212
000014 103977 7.199736
000015 40068  6.591869
000016 30     3.400000
000017 66     2.378788
000018 152566 8.663942
000019 516    3.476744
000020 2848   2.983497
000021 1316   3.191489
000022 29     3.413793
000023 85     2.600000
000024 8445   3.637537
000025 137    4.124088
000026 501    2.399202
000027 62     2.790323
000028 49321  6.176497
000029 8945   3.458692
000030 56287  5.771262
000031 43479  5.538099
000032 1073   2.208760
000033 216    2.449074
000034 9329   3.673277
000035 59     2.694915
000036 5972   3.229739
000037 627    3.108453
000038 163592 8.897471
000039 148051 8.659273
000040 56     3.071429
000041 171233 8.803875
000042 115    3.104348
000043 9861   3.869790
000044 131    3.076336
000045 34097  5.819046
000046 41     3.341463
000047 564    2.184397
000048 7889   3.095956
000049 2371   2.690004
000050 2670   2.844944
000051 37345  5.053233
000052 331    2.419940
000053 23     2.782609
000054 257    2.284047
000055 32509  5.624442
000056 379    2.218997
000057 2430   3.241975
000058 21009  4.801133
000059 157    2.770701
000060 31881  4.288542
000061 29875  5.055364
000062 115556 7.353335
000063 116    2.931034
000064 245341 11.300390
000065 298    2.503356
000066 3667   3.464140
000067 33551  4.528390
000068 28286  6.992788
000069 17601  5.876541
000070 10797  3.569695
000071 7742   3.642082
000072 96     2.562500
000073 29     2.275862
000074 174    4.729885
000075 20     2.900000
000076 2730   6.735531
000077 255    2.764706
000078 45     2.422222
000079 130    2.692308
000080 651    2.337942
000081 44     5.386364
000082 40407  4.988492
000083 346    3.534682
000084 2121   3.349364
000085 143892 8.865531
000086 289    2.470588
000087 111    2.846847
000088 36188  6.961949
000089 8027   3.751588
000090 28985  5.007176
000091 15     2.133333
000092 1780   2.620787
000093 1951   2.828806
000094 154    2.707792
000095 161    2.527950
000096 2292   3.065009
000097 17     2.411765
000098 2364   2.968274
000099 13308  3.794935
000100 159078 8.643276
000101 171500 10.020921
000102 114305 7.418302
000103 53100  6.797476
000104 13647  3.631128
000105 52     3.403846
000106 1258   3.069952
000107 1711   2.727645
000108 168146 8.884737
000109 84679  7.325429
000110 93     3.010753
000111 8546   3.496958
000112 2760   3.006522
000113 27     2.851852
000114 108210 7.083957
000115 132424 8.112336
000116 8865   3.539538
000117 628    3.128981
000118 28883  6.710037
000119 3417   3.037460
000120 446    2.464126
000121 1509   3.406892
000122 126006 7.953947
000123 104    3.028846
000124 194    2.474227
000125 56120  6.155773
000126 16     2.312500
000127 59     2.898305
000128 20584  5.837884
000129 776    2.612113
000130 41905  5.519580
000131 104    5.903846
000132 24     2.791667
000133 7115   3.502460
000134 23     2.913043
000135 15757  5.337437
000136 30796  4.192298
000137 6959   3.515591
000138 283393 12.822127
000139 94647  8.099824
000140 65373  6.886084
000141 50182  5.786338
000142 40     3.425000
000143 45872  5.801731
000144 139    2.877698
000145 58     5.155172
000146 7229   3.470190
000147 61390  6.069946
000148 103    2.980583
000149 44     2.613636
000150 119827 8.163160
000151 4331   3.409143
000152 15187  4.189372
000153 17     2.470588
000154 55011  6.500882
000155 821    3.243605
000156 78     2.820513
000157 35314  6.259840
000158 3803   3.296871
000159 210588 10.860932
000160 408    3.213235
000161 88     2.920455
000162 143    2.734266
000163 176    2.772727
000164 27     3.407407
000165 1064   2.359023
000166 1671   2.765410
000167 10837  4.138692
000168 80068  7.440076
000169 161    2.944099
000170 70043  7.207701
000171 1412   2.893059
000172 47996  6.894866
000173 40651  6.017072
000174 277059 13.985606
000175 64067  7.467261
000176 182613 9.998916
000177 86     2.906977
000178 61395  7.352374
000179 7992   3.497247
000180 60     3.083333
000181 105    2.676190
000182 472    2.182203
000183 41558  5.470716
000184 247360 11.515257
000185 8854   3.897673
000186 47221  7.444929
000187 71     3.000000
000188 184895 9.956949
000189 1625   2.810462
000190 70     3.071429
000191 34927  4.875254
000192 254315 11.719387
000193 8116   3.974618
000194 1064   2.505639
000195 26     4.038462
000196 5764   3.578765
000197 1927   3.599377
000198 3352   3.467184
000199 16     3.187500
000200 66020  7.302454
000201 37361  5.831964
000202 24     4.000000
000203 28104  6.036899
000204 189    2.952381
000205 127    2.944882
000206 338    3.316568
000207 19412  4.503348
000208 1000   2.487000
000209 2689   7.681666
000210 22634  4.376160
000211 4433   3.690503
000212 6819   6.454319
000213 26435  4.434159
000214 3735   3.120214
000215 176675 9.122400
000216 924    2.923160
000217 151    2.947020
000218 5069   3.547445
000219 1174   5.152470
000220 1179   2.750636
000221 375    3.632000
000222 50142  7.040445
000223 48648  5.702393
000224 596    2.437919
000225 62151  6.274493
000226 55856  6.062679
000227 4650   3.761935
000228 6996   3.667953
000229 35     2.771429
000230 68     2.764706
000231 376    2.151596
000232 117831 7.740408
000233 4273   3.507606
000234 31464  6.872902
000235 11727  3.927603
000236 34665  5.349632
000237 289    3.543253
000238 1394   2.531564
000239 125    2.784000
000240 294    2.489796
000241 5924   3.538319
000242 206338 10.730234
000243 290    2.531034
000244 643    3.029549
000245 88     2.772727
000246 711    2.258790
000247 168052 9.449099
000248 4405   3.287174
000249 38     3.236842
000250 57     3.000000
000251 59901  6.882239
000252 89     6.101124
000253 10749  4.002047
000254 80     2.637500
000255 423    2.210402
000256 105    2.533333
000257 679    3.164948
000258 126    2.785714
000259 1407   3.057569
000260 736    2.186141
000261 1309   2.521008
000262 29     2.827586
000263 60119  5.285367
000264 121    2.710744
000265 88     3.272727
000266 1130   2.355752
000267 20     2.100000
000268 1572   2.682570
000269 177816 10.772242
000270 221    2.995475
000271 135402 8.386590
000272 39     4.076923
000273 230983 12.352251
000274 27     3.444444
000275 224    2.629464
000276 31019  5.688836
000277 299798 12.895313
000278 435    3.328736
000279 61249  7.435403
000280 40     7.900000
000281 156381 9.038381
000282 107505 8.013739
000283 274023 12.421297
000284 1772   6.048533
000285 185996 10.161229
000286 167314 9.305958
000287 160    2.950000
000288 279    2.652330
000289 141    2.964539
000290 185654 10.186196
000291 678    2.631268
000292 9610   3.845682
000293 90976  7.925068
000294 120    3.183333
000295 1961   3.454360
000296 45156  6.551998
000297 5084   3.528914
000298 60880  6.465292
000299 105    8.961905
000300 180282 10.351250
000301 15502  4.212618
000302 3592   3.863307
000303 2426   3.836768
000304 763    3.026212
000305 42     2.404762
000306 30     2.933333
000307 39250  6.597936
000308 6658   3.848904
000309 12086  3.689889
000310 19170  4.501826
000311 114    2.447368
000312 1017   3.679449
000313 73     2.178082
000314 253    2.249012
000315 76     2.513158
000316 74303  6.322369
000317 551    2.264973
000318 27231  6.150490
000319 131    3.045802
000320 47     3.382979
000321 114    2.622807
000322 25671  5.830042
000323 221286 11.716909
000324 6434   3.492384
000325 4956   3.639427
000326 172377 9.323610
000327 5154   3.895809
000328 4890   3.620450
000329 1492   2.430965
000330 71739  6.800429
000331 102    2.774510
000332 2665   3.302439
000333 13610  4.266789
000334 284828 12.463476
000335 31     3.483871
000336 774    3.493540
000337 786    2.291349
000338 242    2.347107
000339 254    2.606299
000340 890    2.301124
000341 189275 10.456975
000342 70     2.942857
000343 19     2.473684
000344 157298 9.169799
000345 150345 8.999614
000346 10508  3.941663
000347 7844   3.849822
000348 35514  5.833925
000349 47508  5.673592
000350 15     3.400000
000351 168    2.529762
000352 73     2.917808
000353 1632   2.555760
000354 59138  5.927390
000355 22078  5.445421
000356 603    3.802653
000357 364    2.403846
000358 150800 8.813375
000359 20     3.050000
000360 230823 11.019422
000361 48     3.229167
000362 86     2.686047
000363 486    4.504115
000364 3781   3.766464
000365 36038  4.543565
000366 389    2.241645
000367 21     2.857143
000368 73     2.726027
000369 15     2.200000
000370 35401  6.247648
000371 772    2.300518
000372 17845  3.963743
000373 2359   3.358203
000374 56496  5.371956
000375 12906  3.920192
000376 91297  7.180849
000377 10662  7.042300
000378 4567   3.231005
000379 2061   3.663755
000380 4352   3.337316
000381 3631   3.223630
000382 130    2.653846
000383 97538  6.969786
000384 128506 8.417381
000385 7884   4.580543
000386 1981   3.189803
000387 24601  4.128369
000388 45     3.400000
000389 11682  5.513782
000390 65     2.953846
000391 3907   3.445610
000392 584    3.070205
000393 63504  8.099364
000394 84     3.000000
000395 97004  8.552204
000396 1147   5.816914
000397 6171   3.845082
000398 3650   3.413973
000399 225    3.751111
000400 213276 11.065291
000401 37824  7.388325
000402 20     2.850000
000403 400    2.182500
000404 172    3.843023
000405 203    2.472906
000406 11942  3.758834
000407 2013   3.100348
000408 140    2.707143
000409 59997  6.182309
000410 171    2.514620
000411 124    2.620968
000412 250571 12.253170
000413 213    3.342723
000414 339    2.401180
000415 14247  4.346950
000416 4866   3.873818
000417 5808   4.010503
000418 6795   3.690949
000419 73243  7.622435
000420 57602  6.070970
000421 2446   3.003271
000422 498    2.471888
000423 2068   3.303675
000424 65481  7.540218
000425 244993 11.654108
000426 144    3.118056
000427 60     3.233333
000428 92981  8.121885
000429 233    3.145923
000430 178968 9.607673
000431 16928  4.109168
000432 1449   2.792961
000433 2084   3.498560
000434 136783 8.733651
000435 555    2.670270
000436 18     4.055556
000437 102    2.598039
000438 11618  4.181443
000439 49048  6.282152
000440 23505  3.952989
000441 3707   6.065552
000442 386    2.645078
000443 2219   2.900856
000444 1575   2.661587
000445 2906   3.208878
000446 966    2.380952
000447 21887  4.631745
000448 639    2.312989
000449 455    3.248352
000450 19514  3.941068
000451 14978  4.588263
000452 5750   3.430957
000453 47     2.851064
000454 11498  3.595147
000455 66538  5.894451
000456 162018 9.262730
000457 754    2.261273
000458 52407  5.890931
000459 260    2.550000
000460 925    3.354595
000461 21400  6.149112
000462 135    2.666667
000463 48     2.229167
000464 4783   3.608823
000465 41     2.609756
000466 291    2.350515
000467 428    3.943925
000468 195312 10.078531
000469 68     3.250000
000470 88     2.431818
000471 188    3.079787
000472 154    3.058442
000473 62565  7.674818
000474 567    4.273369
000475 4813   4.235404
000476 25581  5.563934
000477 3448   3.661253
000478 26     3.461538
000479 714    2.324930
000480 32     2.750000
000481 31     2.322581
000482 1675   3.274030
000483 786    3.358779
000484 5223   3.685813
000485 1667   9.938812
000486 517    3.177950
000487 792    2.340909
000488 147612 8.915346
000489 205    2.585366
000490 113    2.592920
000491 12831  3.858935
000492 200239 10.132926
000493 55     3.418182
000494 616    2.375000
000495 106    2.981132
000496 3549   3.910397
000497 130    2.446154
000498 62742  7.106292
000499 30303  5.171303
000500 70     2.942857
000501 21023  5.058602
000502 76612  6.370073
000503 11084  3.709762
000504 248    2.366935
000505 36644  5.190836
000506 2014   3.013903
000507 5138   3.464772
000508 60     4.933333
000509 240    2.283333
000510 55666  5.998760
000511 12294  3.887181
000512 76018  6.754111
000513 121375 7.780877
000514 214849 10.638127
000515 1972   3.103448
000516 7811   3.762642
000517 383    2.728460
000518 36631  6.400262
000519 159885 8.982869
000520 25429  4.301860
000521 112745 7.440232
000522 34987  6.541458
000523 151532 8.829897
000524 38893  6.018975
000525 40539  5.429759
000526 16     3.187500
000527 674    2.639466
000528 27235  5.853020
000529 507    3.364892
000530 2050   3.212683
000531 26915  5.710533
000532 1340   3.006716
000533 16660  3.874550
000534 217501 10.401460
000535 47481  6.549293
000536 6935   3.588609
000537 8329   3.635611
000538 1400   2.766429
000539 2465   3.186207
000540 2864   3.141760
000541 19     3.052632
000542 2458   6.615134
000543 51     2.529412
000544 38     2.263158
000545 21     2.238095
000546 111    2.576577
000547 49     2.816327
000548 1490   2.506040
000549 62     2.725806
000550 33     2.181818
000551 271    2.372694
000552 5111   3.253375
000553 138    2.601449
000554 14184  3.916878
000555 275    2.556364
000556 147    2.659864
000557 2205   3.702041
000558 185073 9.274195
000559 685    2.181022
000560 1495   3.340468
000561 1817   5.137589
000562 63     3.047619
000563 9573   4.550298
000564 107082 8.103883
000565 84     3.214286
000566 75     2.760000
000567 17     2.529412
000568 2528   3.108782
000569 71     2.676056
000570 139277 8.769474
000571 229    2.711790
000572 230    3.465217
000573 1105   2.165611
000574 10236  3.748437
000575 4165   3.308283
000576 170    3.952941
000577 491    2.207739
000578 94141  7.181791
000579 9002   4.060098
000580 26     3.384615
000581 447    2.277405
000582 535    2.254206
000583 151    5.072848
000584 147    2.625850
000585 110282 8.665095
000586 277628 12.889640
000587 50857  7.303537
000588 17     2.117647
000589 480    3.010417
000590 12381  3.800662
000591 17447  3.853900
000592 172671 9.458514
000593 23293  4.431546
000594 102    2.745098
000595 263    2.437262
000596 31623  4.903867
000597 271058 11.991913
000598 261    2.628352
000599 515    3.609709
000600 1032   2.444767
000601 76     2.644737
000602 184803 9.858422
000603 32959  5.528293
000604 76     2.763158
000605 16060  4.020423
000606 20     2.300000
000607 16723  4.186031
000608 233293 10.800290
000609 570    2.243860
000610 166923 9.471876
000611 23335  4.217999
000612 161    3.180124
000613 3030   12.950825
000614 37354  4.685040
000615 15251  5.763163
000616 979    3.098059
000617 708    2.394068
000618 92369  6.941496
000619 2639   3.309966
000620 16435  3.861819
000621 189    2.624339
000622 43461  5.313223
000623 67     8.895522
000624 1125   2.116444
000625 1731   2.597343
000626 118    2.567797
000627 36     3.083333
000628 116668 7.529023
000629 14320  5.781006
000630 1640   3.281707
000631 290666 12.879855
000632 30998  4.791180
000633 20020  4.034815
000634 569    2.655536
000635 4929   3.304524
000636 2732   3.783675
000637 40612  6.641559
000638 13862  6.014789
000639 167    4.958084
000640 144290 8.376215
000641 23922  4.242287
000642 2063   2.722249
000643 26551  6.566909
000644 101665 7.045109
000645 92721  7.494235
000646 1748   3.417048
000647 22898  4.314263
000648 359    2.345404
000649 23     3.608696
000650 56167  5.803052
000651 146104 8.731541
000652 4774   3.643276
000653 53     3.113208
000654 67     2.358209
000655 2995   3.937896
000656 16596  4.025970
000657 49752  5.757698
000658 73147  6.959547
000659 3364   3.441736
000660 271    4.000000
000661 58957  6.472344
000662 227971 11.483395
000663 504    2.819444
000664 270283 11.991209
000665 210    2.804762
000666 573    4.139616
000667 204    2.651961
000668 40     3.550000
000669 159159 9.808814
000670 45     4.044444
000671 563    2.554174
000672 2956   4.320704
000673 2237   4.050067
000674 7394   4.201515
000675 31     3.516129
000676 23     2.869565
000677 559    2.466905
000678 50     2.860000
000679 4434   4.044204
000680 4785   3.852874
000681 34     3.411765
000682 234    2.555556
000683 316    2.626582
000684 5497   3.638166
000685 33     4.727273
000686 51     2.549020
000687 4095   3.472039
000688 268556 12.669629
000689 33     3.090909
000690 222    2.671171
000691 16076  3.924173
000692 30     3.133333
000693 28736  4.120024
000694 343    2.262391
000695 23     2.782609
000696 117    2.521368
000697 12222  7.956881
000698 1703   3.035232
000699 20610  5.023193
000700 11025  3.786395
000701 241493 11.396293
000702 489    2.564417
000703 1433   4.425680
000704 10227  4.143150
000705 506    2.448617
000706 17     3.235294
000707 96     2.427083
000708 127    3.023622
000709 94     2.595745
000710 79433  10.178100
000711 368    5.817935
000712 38     4.368421
000713 30     4.100000
000714 165    4.424242
000715 1643   5.754717
000716 195    3.861538
000717 968    5.001033
000718 4549   5.345351
000719 15     3.866667
000720 676    4.223373
000721 9202   5.061400
000722 5715   4.553631
000723 23     3.260870
000724 6278   4.462408
000725 87340  7.758015
000726 644    2.892857
000727 251    2.366534
000728 1170   2.470940
000729 75     3.106667
000730 43     2.441860
000731 31984  6.185905
000732 1645   3.510638
000733 69     2.826087
000734 80583  7.243848
000735 289    4.089965
000736 8550   4.017661
000737 61     2.590164
000738 89     2.348315
000739 71     2.422535
000740 90896  7.420932
000741 385    2.509091
000742 404    2.383663
000743 62139  6.680362
000744 38     2.973684
000745 19399  4.708954
000746 6844   4.105932
000747 63473  5.662234
000748 1488   4.102823
000749 29523  5.884497
000750 151    3.423841
000751 287052 13.625604
000752 38159  4.775623
000753 228    2.657895
000754 231    2.463203
000755 47     3.276596
000756 17     2.352941
000757 1328   2.682229
000758 114    2.745614
000759 343    2.472303
000760 17     3.176471
000761 10787  9.339668
000762 734    2.280654
000763 1022   3.144814
000764 50     2.920000
000765 37470  4.881025
000766 161746 9.088849
000767 2067   3.083212
000768 27788  4.280373
000769 6888   8.493467
000770 23     3.782609
000771 19552  4.162694
000772 373    2.335121
000773 804    3.850746
000774 48233  5.803433
000775 78693  7.256274
000776 226    2.929204
000777 27     2.666667
000778 76851  6.537638
000779 185    2.897297
000780 114407 7.774909
000781 69469  6.249968
000782 4932   3.231144
000783 917    2.264995
000784 30354  5.359327
000785 19     2.157895
000786 456    2.552632
000787 53     3.000000
000788 9458   3.483189
000789 52     3.326923
000790 7228   5.333564
000791 880    2.306818
000792 90     2.455556
000793 59     4.694915
000794 230    2.343478
000795 3278   2.937157
000796 150609 8.409803
000797 538    2.507435
000798 189773 10.123996
000799 9348   4.229461
000800 16972  4.249293
000801 1357   2.995578
000802 8361   3.814017
000803 205803 11.012084
000804 559    2.177102
000805 255    2.368627
000806 23     2.782609
000807 262    2.416031
000808 134    2.850746
000809 90444  7.315223
000810 73303  6.921790
000811 298926 13.318721
000812 12385  3.832782
000813 281525 12.771644
000814 352    2.346591
000815 139    2.582734
000816 4256   3.457942
000817 64     2.968750
000818 4410   3.511791
000819 38     2.921053
000820 1438   2.839360
000821 1200   2.960833
000822 19465  4.285179
000823 2001   3.377311
000824 4212   3.663343
000825 8975   3.770696
000826 4694   16.307201
000827 617    3.293355
000828 5579   3.668758
000829 332    2.334337
000830 4591   3.560662
000831 26327  4.601170
000832 45688  4.991398
000833 15     3.400000
000834 522    2.557471
000835 6050   3.738347
000836 2586   3.380510
000837 541    2.214418
000838 16064  4.984562
000839 223671 10.715050
000840 74233  7.230073
000841 23834  5.556558
000842 68123  5.835136
000843 6680   3.987275
000844 758    2.609499
000845 825    3.330909
000846 68685  6.636602
000847 98009  7.665265
000848 1598   3.566333
000849 116281 7.907104
000850 29     2.965517
000851 68885  6.515700
000852 525    2.161905
000853 1757   3.076266
000854 20     2.050000
000855 42     2.738095
000856 431    3.299304
000857 23911  5.363557
000858 160    2.575000
000859 55     2.254545
000860 3797   3.230708
000861 2299   3.148760
000862 657    2.133942
000863 1174   2.895230
000864 20     2.250000
000865 12980  5.456009
000866 42     2.833333
000867 26293  4.142091
000868 3728   3.203326
000869 24     3.125000
000870 208    2.389423
000871 39     3.076923
000872 164865 9.381979
000873 443    2.311512
000874 101    3.019802
000875 2546   16.700314
000876 8767   3.583210
000877 90     2.688889
000878 2091   3.064562
000879 890    2.465169
000880 36     2.750000
000881 187    2.433155
000882 118612 8.065988
000883 29     2.620690
000884 230449 10.960338
000885 23     3.652174
000886 2437   3.355355
000887 1842   3.475027
000888 387    2.485788
000889 56     3.017857
000890 3661   3.204043
000891 914    3.608315
000892 75242  7.121435
000893 11252  4.250355
000894 68     2.867647
000895 102743 7.402801
000896 1480   2.510135
000897 72     2.902778
000898 33741  6.586705
000899 6643   3.508204
000900 78     2.871795
000901 127185 8.263954
000902 4028   4.381827
000903 1335   2.764045
000904 23     4.565217
000905 79     2.810127
000906 45     11.888889
000907 41442  5.740601
000908 922    3.477223
000909 22     4.500000
000910 186380 10.297124
000911 78257  7.138339
000912 275983 12.790578
000913 74     2.945946
000914 16369  4.017900
000915 2969   20.975076
000916 12330  3.601460
000917 38978  5.019242
000918 184607 9.866424
000919 44663  5.977162
000920 101866 7.562239
000921 100    2.890000
000922 10245  3.861981
000923 21158  6.067303
000924 2808   2.943732
000925 172    2.389535
000926 190    2.321053
000927 482    3.120332
000928 2251   3.086628
000929 232423 10.776812
000930 1076   2.309480
000931 4093   3.663328
000932 845    2.413018
000933 39670  6.704084
000934 129842 8.211057
000935 92623  7.221317
000936 226    2.809735
000937 28     3.000000
000938 199908 9.854318
000939 195    2.789744
000940 13013  3.731730
000941 9546   3.623088
000942 85894  6.841479
000943 249309 11.299664
000944 199    3.125628
000945 133    3.263158
000946 295    2.525424
000947 2447   3.385779
000948 296    2.229730
000949 1784   3.757848
000950 259618 11.888656
000951 38     3.052632
000952 2808   3.312322
000953 118964 8.251093
000954 7649   3.540463
000955 2823   3.194120
000956 11875  3.715958
000957 1349   2.954781
000958 46846  5.742176
000959 2200   2.886364
000960 12468  3.796038
000961 2313   8.411154
000962 1161   3.285099
000963 152678 8.357065
000964 1634   2.585679
000965 3958   3.227135
000966 18     2.055556
000967 96     2.458333
000968 61019  6.529884
000969 194110 9.630411
000970 4866   3.277641
000971 42     3.238095
000972 570    2.359649
000973 568    2.973592
000974 34652  5.858738
000975 1141   2.968449
000976 669    3.339312
000977 8894   3.788622
000978 30     2.700000
000979 10030  5.020837
000980 33800  5.420799
000981 3113   2.990363
000982 121    3.826446
000983 5268   3.371488
000984 33     4.090909
000985 1000   2.912000
000986 937    3.869797
000987 5449   3.305928
000988 77660  7.886595
000989 16     3.000000
000990 12652  5.037306
000991 18     3.000000
000992 21824  7.175999
000993 12895  3.829469
000994 27     2.703704
000995 2431   3.349239
000996 57963  5.931163
000997 24647  5.599180
000998 1814   3.144983
000999 54     3.203704
001000 26     2.384615
001001 74     2.540541
001002 63     2.253968
001003 55461  5.646076
001004 30     2.666667
001005 20     2.400000
001006 75831  6.759861
001007 2776   3.000720
001008 22     2.772727
001009 2739   3.188755
001010 41572  5.695107
001011 1183   3.004227
001012 38     3.631579
001013 49779  5.656683
001014 3920   4.491837
001015 19452  5.919494
001016 23477  5.292116
001017 911    2.143798
001018 189354 10.855414
001019 288663 12.591725
001020 7632   3.870676
001021 561    2.383244
001022 679    3.902798
001023 3339   3.263851
001024 44     2.613636
001025 23     2.347826
001026 47357  7.069177
001027 2871   3.073494
001028 296601 14.172666
001029 32058  4.852611
001030 10234  3.546414
001031 48907  7.267058
001032 27     3.222222
001033 223    2.923767
001034 146912 9.313494
001035 73     2.082192
001036 44     2.477273
001037 37405  6.299372
001038 2056   3.459630
001039 67869  6.116902
001040 1739   3.238068
001041 119    3.176471
001042 57290  6.389667
001043 229    2.781659
001044 32294  5.699666
001045 5619   3.408614
001046 22     2.818182
001047 21     3.142857
001048 473    2.424947
001049 32495  4.914356
001050 83105  6.637543
001051 34     2.794118
001052 21     3.190476
001053 2516   3.182830
001054 23     2.434783
001055 124278 8.370766
001056 40034  5.697657
001057 25     2.840000
001058 33     3.272727
001059 1309   4.184874
001060 18     2.055556
001061 210    2.476190
001062 8066   3.553186
001063 63817  5.599417
001064 115    3.000000
001065 412    2.351942
001066 1575   2.775873
001067 116143 7.817139
001068 36428  5.580186
001069 199    2.643216
001070 408    2.426471
001071 152    5.381579
001072 47145  6.827999
001073 187836 10.499335
001074 94     2.797872
001075 80884  7.829670
001076 16     4.875000
001077 20     3.750000
001078 348    2.735632
001079 598    2.503344
001080 60     2.950000
001081 27907  6.284194
001082 13675  3.908665
001083 85     2.800000
001084 15670  5.601532
001085 29857  4.561610
001086 80     3.087500
001087 15     2.666667
001088 16217  4.028365
001089 15182  4.822355
001090 165    2.987879
001091 1961   3.098929
001092 67     2.552239
001093 8112   3.651011
001094 5760   3.478472
001095 8881   5.451075
001096 9789   3.710389
001097 221    3.208145
001098 6957   3.585310
001099 20306  3.967596
001100 88766  6.845909
001101 190    2.557895
001102 371    2.272237
001103 3167   3.343859
001104 4451   3.484610
001105 2997   3.553220
001106 8848   6.834313
001107 20     2.900000
001108 92     2.336957
001109 66     2.469697
001110 34     2.264706
001111 97839  6.987715
001112 5286   3.507000
001113 2690   3.093309
001114 654    3.163609
001115 97049  7.400715
001116 116317 7.802789
001117 131    5.419847
001118 89171  7.141986
001119 156733 8.744610
001120 19     4.157895
001121 17     2.470588
001122 131745 8.674462
001123 6149   3.549683
001124 10542  7.037374
001125 5532   3.368221
001126 3672   2.893791
001127 22     4.500000
001128 73101  6.127536
001129 1740   2.694253
001130 961    2.168574
001131 6883   3.369025
001132 173    5.098266
001133 766    2.445170
001134 828    3.347826
001135 2332   3.060892
001136 25093  5.389113
001137 92     2.858696
001138 2033   3.121003
001139 305    3.154098
001140 33     3.272727
001141 4278   3.299673
001142 62432  5.638407
001143 22419  4.238325
001144 125122 8.008903
001145 77903  6.854255
001146 126177 8.110345
001147 85617  7.218158
001148 13603  4.053224
001149 2233   3.285266
001150 62452  6.211346
001151 9036   3.746791
001152 21248  5.789674
001153 139467 8.617221
001154 4459   3.344696
001155 6417   3.645161
001156 62835  6.211570
001157 17015  5.970849
001158 109877 7.350792
001159 1910   3.374869
001160 3862   4.425686
001161 63686  6.480011
001162 47     4.042553
001163 640    3.456250
001164 26     2.692308
001165 196    2.484694
001166 55     2.781818
001167 16692  5.953091
001168 97423  7.205044
001169 10171  3.508505
001170 800    2.257500
001171 55     2.472727
001172 29     2.965517
001173 6157   3.433490
001174 13717  3.892032
001175 40     3.325000
001176 139702 8.352500
001177 68     3.176471
001178 412    3.220874
001179 35273  6.002580
001180 127    6.047244
001181 58921  6.710596
001182 21564  5.555787
001183 1162   4.302926
001184 89     2.943820
001185 49     3.081633
001186 74627  7.470674
001187 16     2.250000
001188 330    2.472727
001189 10461  4.410859
001190 53201  6.179188
001191 9160   3.785153
001192 106646 7.574218
001193 180124 10.523867
001194 222    4.292793
001195 215993 10.334497
001196 66611  7.007191
001197 22     3.045455
001198 34     2.823529
001199 1057   3.117313
001200 147    2.687075
001201 244    2.147541
001202 79     2.392405
001203 67709  6.116528
001204 6620   3.670091
001205 2184   3.336996
001206 656    2.477134
001207 28012  5.252071
001208 67     2.865672
001209 59     2.457627
001210 15     2.466667
001211 18598  5.216798
001212 225539 10.731306
001213 7003   3.695845
001214 1780   2.858989
001215 89216  7.371884
001216 85657  7.144191
001217 135216 8.210633
001218 5124   3.181499
001219 62     2.467742
001220 200080 10.187500
001221 21537  4.247853
001222 160    2.875000
001223 125    2.904000
001224 17     5.647059
001225 7842   3.614257
001226 279061 12.000502
001227 584    3.419521
001228 65779  7.548260
001229 42     3.071429
001230 25     2.400000
001231 148982 8.633647
001232 29     3.862069
001233 21     3.142857
001234 39925  6.760476
001235 18     2.111111
001236 3938   3.310564
001237 2511   3.215054
001238 10712  3.473581
001239 4810   3.476507
001240 35627  5.336234
001241 25     3.480000
001242 485    2.894845
001243 156464 8.747290
001244 5888   3.555707
001245 19098  6.275840
001246 391    2.355499
001247 1256   2.628185
001248 99922  6.996267
001249 1645   2.671733
001250 94     2.702128
001251 827    2.174123
001252 130652 8.104170
001253 402    2.360697
001254 226    2.389381
001255 5726   3.561998
001256 236817 10.994920
001257 19     2.473684
001258 40846  7.319835
001259 54     3.685185
001260 5239   3.335751
001261 94263  6.698100
001262 43621  5.751610
001263 19     2.105263
001264 298    2.191275
001265 355    2.309859
001266 85     2.082353
001267 5215   3.318313
001268 68     3.426471
001269 8329   3.663345
001270 312    2.035256
001271 209    2.277512
001272 127390 7.833731
001273 10343  3.926617
001274 3675   3.174150
001275 369    2.149051
001276 22     2.181818
001277 21     2.190476
001278 609    2.876847
001279 387    2.307494
001280 12168  6.670118
001281 365    2.849315
001282 1230   2.857724
001283 18201  3.604143
001284 58209  5.649882
001285 61     2.459016
001286 9612   3.754266
001287 14232  5.348651
001288 32344  4.850853
001289 1117   2.764548
001290 902    2.134146
001291 146    2.061644
001292 61465  5.550752
001293 65909  6.462137
001294 27     3.037037
001295 182774 9.300852
001296 56368  6.900493
001297 214    2.471963
001298 330    3.139394
001299 66     3.060606
001300 17     2.764706
001301 74     2.729730
001302 101212 7.171867
001303 32874  6.526100
001304 50833  5.890288
001305 150    2.533333
001306 28     2.392857
001307 2230   2.840359
001308 1769   2.823629
001309 235    2.319149
001310 41350  5.690012
001311 26156  6.079332
001312 80817  6.590594
001313 48     2.687500
001314 148    2.351351
001315 15087  4.564261
001316 104873 7.396108
001317 40772  6.463136
001318 32425  5.806076
001319 249    2.742972
001320 1534   3.052151
001321 12091  3.789678
001322 8311   5.243773
001323 239    2.447699
001324 5785   3.228695
001325 385    2.568831
001326 53     5.905660
001327 106    3.132075
001328 83157  6.215255
001329 854    2.864169
001330 451    2.190687
001331 1122   3.153298
001332 30678  5.711096
001333 19     4.263158
001334 132    2.833333
001335 1234   2.829822
001336 5412   3.440318
001337 121    3.842975
001338 145    2.420690
001339 11190  3.897408
001340 14506  3.814491
001341 836    3.898325
001342 234572 10.578914
001343 1963   3.040754
001344 15461  8.258004
001345 298    2.536913
001346 1183   3.006762
001347 321    2.439252
001348 274608 11.939456
001349 184016 9.871739
001350 18     2.111111
001351 11031  3.937086
001352 22     2.863636
001353 849    2.167256
001354 886    2.767494
001355 5949   4.024038
001356 73     2.643836
001357 982    2.089613
001358 10332  3.952187
001359 137    2.722628
001360 1492   2.645442
001361 5380   3.691078
001362 1859   3.339430
001363 1345   26.920446
001364 78     3.294872
001365 3347   3.258440
001366 9987   3.673776
001367 6015   3.392020
001368 259397 13.325705
001369 2162   3.050416
001370 71     3.225352
001371 2420   3.235950
001372 138    2.927536
001373 36     3.194444
001374 162107 10.672124
001375 19229  4.183109
001376 196427 9.653327
001377 50605  6.977196
001378 33     3.848485
001379 188175 9.903372
001380 42436  7.252474
001381 125535 8.208595
001382 10656  3.827984
001383 297570 13.726064
001384 761    5.197109
001385 29862  4.751289
001386 143074 8.816626
001387 36     3.777778
001388 1520   3.034211
001389 37     3.945946
001390 4168   3.610845
001391 32     3.125000
001392 16870  3.959870
001393 9177   3.735426
001394 26     2.730769
001395 77     2.350649
001396 110384 7.139513
001397 22     2.954545
001398 12539  4.115559
001399 2343   3.399915
001400 2942   3.491162
001401 109340 7.852094
001402 32     4.500000
001403 66     2.545455
001404 8047   4.102771
001405 166981 8.891036
001406 16     2.375000
001407 63832  6.825166
001408 132435 8.014400
001409 130    2.869231
001410 1078   2.110390
001411 90365  7.290699
001412 20923  6.451943
001413 874    3.644165
001414 180117 9.516103
001415 69193  6.912881
001416 9011   3.630008
001417 29763  5.238887
001418 391    2.335038
001419 9025   3.613740
001420 515    2.568932
001421 83     2.722892
001422 1663   2.925436
001423 51847  5.534264
001424 21     4.904762
001425 1749   3.582619
001426 151    3.059603
001427 55     3.218182
001428 120191 7.607483
001429 12998  7.028312
001430 436    3.837156
001431 14515  4.147089
001432 34     2.794118
001433 48     2.312500
001434 28     2.285714
001435 325    2.276923
001436 488    2.215164
001437 151    3.708609
001438 24525  5.182630
001439 14617  3.790792
001440 88527  6.364420
001441 19     2.105263
001442 6031   3.660421
001443 60342  5.922575
001444 287930 12.131775
001445 55     2.981818
001446 61975  6.936087
001447 176864 9.272373
001448 181037 9.569005
001449 27     4.222222
001450 38     2.578947
001451 373    2.386059
001452 813    2.466175
001453 12918  4.339913
001454 18982  3.916553
001455 34718  6.006106
001456 157791 8.808943
001457 1007   2.196624
001458 120255 7.932967
001459 352    2.423295
001460 2316   3.378670
001461 1361   2.883909
001462 148    2.581081
001463 430    3.283721
001464 1317   2.917995
001465 72129  6.687976
001466 2289   3.532984
001467 51939  5.826624
001468 40     3.400000
001469 3534   3.444539
001470 42603  5.299603
001471 105271 7.472381
001472 112    3.017857
001473 106420 7.772204
001474 185814 9.871339
001475 53236  7.225111
001476 222862 10.595884
001477 134736 9.566300
001478 275641 12.557337
001479 317    3.917981
001480 7722   3.575887
001481 1352   5.356509
001482 14039  9.842724
001483 171    2.590643
001484 630    2.988889
001485 262641 11.621540
001486 1056   3.220644
001487 4730   3.388372
001488 16     4.875000
001489 24435  4.174217
001490 17674  3.843273
001491 555    2.250450
001492 2031   2.940916
001493 7003   3.965301
001494 71     3.000000
001495 20032  7.573532
001496 106253 7.664028
001497 147    3.319728
001498 231823 11.582401
001499 27     3.222222
001500 23697  4.635270
001501 32515  4.671475
001502 25414  5.819076
001503 17     4.294118
001504 301    2.441860
001505 24987  5.296754
001506 153198 9.017964
001507 13345  3.784339
001508 22     3.681818
001509 1841   2.877241
001510 1346   2.638930
001511 47     3.063830
001512 9328   3.733919
001513 11276  3.725168
001514 66     2.484848
001515 26     2.230769
001516 31131  5.824130
001517 482    2.342324
001518 9601   3.900219
001519 1772   3.796275
001520 19038  5.402091
001521 848    2.319575
001522 15     3.133333
001523 325    2.249231
001524 49267  5.917673
001525 177    2.785311
001526 4955   3.418163
001527 1122   2.975936
001528 3669   3.164895
001529 31     2.838710
001530 412    2.662621
001531 50795  5.109558
001532 53     3.283019
001533 43     2.465116
001534 33675  5.446919
001535 23     3.956522
001536 706    2.559490
001537 38876  5.597309
001538 889    2.187852
001539 9911   3.581273
001540 2149   3.471847
001541 33647  5.119149
001542 40854  6.003280
001543 23     3.608696
001544 5803   3.246941
001545 247    2.323887
001546 51054  5.773162
001547 46     3.456522
001548 838    2.612172
001549 71968  6.397663
001550 17621  3.933886
001551 78697  6.009518
001552 23173  5.419842
001553 991    2.131181
001554 45811  4.891336
001555 3435   2.925473
001556 10210  3.824878
001557 16     2.125000
001558 135    3.088889
001559 1856   3.196659
001560 2384   3.014681
001561 66     2.787879
001562 10071  5.430543
001563 56     3.214286
001564 58     2.413793
001565 38272  4.604515
001566 30     3.533333
001567 66217  6.093224
001568 195    2.651282
001569 105    2.780952
001570 341    2.387097
001571 911    3.500549
001572 1389   3.107271
001573 8077   3.647022
001574 510    2.154902
001575 9117   3.604914
001576 135    2.622222
001577 75     3.093333
001578 54     2.703704
001579 489    2.685072
001580 19     2.052632
001581 129585 8.122283
001582 837    2.152927
001583 173018 9.577616
001584 329    4.702128
001585 1929   3.843961
001586 8335   4.071746
001587 103296 7.967511
001588 23812  6.598144
001589 89     2.528090
001590 180    4.266667
001591 44864  6.216967
001592 102    2.431373
001593 407    2.454545
001594 3337   3.596943
001595 17     3.176471
001596 149    2.570470
001597 187700 9.810362
001598 192430 10.161207
001599 7894   3.666709
001600 6222   3.520894
001601 9201   3.587219
001602 105    2.866667
001603 13922  3.732653
001604 16788  6.012211
001605 131478 7.801708
001606 2700   3.269630
001607 15740  6.483926
001608 38     7.315789
001609 3361   3.052068
001610 222334 10.430528
001611 5721   3.487852
001612 78     2.897436
001613 59529  6.220565
001614 26469  5.390646
001615 55     3.345455
001616 85780  6.696351
001617 273371 12.088250
001618 20957  4.053156
001619 1168   2.721747
001620 120    3.083333
001621 104    2.894231
001622 193245 9.737690
001623 7349   5.062594
001624 199025 10.312167
001625 167482 9.290664
001626 4071   3.114468
001627 2199   3.382447
001628 283    2.265018
001629 398    3.070352
001630 132    2.803030
001631 47071  6.352786
001632 27     3.074074
001633 298858 12.640267
001634 487    2.250513
001635 372    2.381720
001636 3063   2.967352
001637 320    2.725000
001638 134    2.731343
001639 1720   2.894767
001640 197    2.634518
001641 324    2.209877
001642 47     2.829787
001643 771    2.103761
001644 7712   3.629409
001645 173008 9.705048
001646 110    3.081818
001647 2674   3.258788
001648 22     3.772727
001649 8192   3.831177
001650 76     2.618421
001651 24759  6.565532
001652 794    2.942065
001653 279816 12.190407
001654 21040  6.698289
001655 40     3.100000
001656 40     2.475000
001657 12378  3.706576
001658 30     2.633333
001659 266    2.240602
001660 164    2.493902
001661 67036  5.958783
001662 198    4.146465
001663 15     3.666667
001664 11451  3.839665
001665 155    2.690323
001666 16     3.187500
001667 5088   3.567807
001668 227923 12.439885
001669 111    2.720721
001670 25     2.400000
001671 99     2.343434
001672 122    2.778689
001673 98602  8.067463
001674 71     2.929577
001675 179155 9.585755
001676 10867  3.724211
001677 87432  6.310939
001678 1842   3.079262
001679 102    2.803922
001680 421    2.206651
001681 2599   3.265871
001682 3274   3.407758
001683 4789   3.344748
001684 1087   2.775529
001685 66444  6.372780
001686 7497   3.519541
001687 14717  5.784467
001688 67627  5.874858
001689 13862  3.833790
001690 42     3.142857
001691 10670  4.461293
001692 54     2.407407
001693 2810   3.765125
001694 98     2.653061
001695 208    4.120192
001696 564    2.620567
001697 5170   6.177950
001698 19061  3.886103
001699 11223  3.521607
001700 326    2.493865
001701 19     2.000000
001702 142388 8.141529
001703 3144   3.259860
001704 27527  6.389291
001705 205521 10.060291
001706 148951 8.839075
001707 3752   3.523987
001708 19     3.052632
001709 21     3.142857
001710 2968   3.322102
001711 8670   3.723068
001712 4984   3.581661
001713 141    2.283688
001714 349    3.011461
001715 97841  6.973845
001716 800    3.158750
001717 153111 9.028907
001718 14989  4.102475
001719 699    3.600858
001720 18962  6.322962
001721 99927  6.988362
001722 6480   3.786728
001723 8585   3.781829
001724 147823 8.486379
001725 2060   3.132524
001726 2926   3.329802
001727 43     2.651163
001728 35     10.800000
001729 89     2.887640
001730 1876   3.049574
001731 47     2.553191
001732 20     2.300000
001733 5005   3.569830
001734 16     2.125000
001735 743    2.238223
001736 299751 13.733669
001737 19     3.105263
001738 490    3.673469
001739 60     3.266667
001740 18259  7.983789
001741 84355  6.283220
001742 231895 12.239889
001743 12883  4.548397
001744 86922  7.583788
001745 187    2.727273
001746 294    2.619048
001747 28690  5.847647
001748 65     2.800000
001749 13500  3.638963
001750 7198   3.630592
001751 75295  6.097470
001752 16     4.250000
001753 14450  5.811696
001754 21703  5.153205
001755 159383 8.609896
001756 8215   3.514668
001757 78     2.884615
001758 197    2.360406
001759 80752  6.739585
001760 53510  5.847711
001761 44     3.272727
001762 210    3.385714
001763 59     3.033898
001764 65162  5.933734
001765 108799 7.450831
001766 59207  6.266708
001767 3584   2.904018
001768 25265  5.522343
001769 82594  6.497566
001770 15645  3.882966
001771 46     6.304348
001772 81     3.641975
001773 138479 8.457383
001774 543    5.793738
001775 80     3.187500
001776 184    2.364130
001777 179185 9.722946
001778 387    2.356589
001779 24212  4.108128
001780 62     3.064516
001781 91     2.340659
001782 32621  8.063640
001783 14439  8.856361
001784 22     3.181818
001785 1036   4.136100
001786 16255  3.786527
001787 3005   2.800998
001788 87828  6.489400
001789 277    2.487365
001790 64     2.906250
001791 291268 12.552443
001792 273618 12.469066
001793 330    2.645455
001794 2786   3.818378
001795 530    3.230189
001796 162    2.672840
001797 19     3.210526
001798 1302   2.466206
001799 24     15.125000
001800 1193   2.246438
001801 168    5.386905
001802 1163   2.910576
001803 35545  7.473878
001804 128340 7.918506
001805 1924   2.676195
001806 36     3.305556
001807 5496   3.641921
001808 20     3.150000
001809 11847  3.661180
001810 58677  6.134652
001811 31     3.129032
001812 24     2.958333
001813 84     2.452381
001814 41427  5.392015
001815 6529   3.604993
001816 140530 8.164947
001817 46     3.000000
001818 49     2.346939
001819 54533  6.882310
001820 202    3.396040
001821 212    2.344340
001822 205    2.341463
001823 898    2.763920
001824 4800   3.615417
001825 37     2.648649
001826 1878   3.052183
001827 245619 11.347086
001828 5456   4.524743
001829 1774   3.671364
001830 86     2.604651
001831 95     2.410526
001832 152    2.230263
001833 27     2.740741
001834 1655   3.448943
001835 6067   3.081424
001836 319    3.680251
001837 57     2.403509
001838 124    2.298387
001839 6775   3.654908
001840 261    2.402299
001841 47544  6.530309
001842 1770   3.057062
001843 403    2.565757
001844 298100 12.458380
001845 2831   5.377252
001846 18917  4.074642
001847 877    3.323831
001848 43     3.279070
001849 205235 10.429703
001850 37     3.216216
001851 62634  7.196922
001852 122    3.122951
001853 605    4.862810
001854 919    2.151251
001855 49     3.122449
001856 1015   2.845320
001857 176    2.500000
001858 9380   3.357889
001859 433    2.748268
001860 591    2.138748
001861 147    2.564626
001862 115104 7.370256
001863 5668   3.558574
001864 74     5.027027
001865 55     2.745455
001866 266    2.620301
001867 107100 9.454136
001868 1378   2.605225
001869 770    2.294805
001870 40095  6.823918
001871 46     3.565217
001872 6984   3.687858
001873 1334   3.185157
001874 27484  4.694804
001875 1855   3.265768
001876 5597   3.253886
001877 26     2.653846
001878 87     2.172414
001879 1469   3.042886
001880 2601   6.545944
001881 194979 10.982865
001882 83     2.060241
001883 28290  5.790279
001884 28218  4.404175
001885 86     2.081395
001886 202    2.089109
001887 97959  6.796721
001888 177768 9.245747
001889 3291   3.480097
001890 17009  3.991769
001891 95     2.684211
001892 178746 9.053025
001893 52682  6.727915
001894 322    3.447205
001895 202    2.940594
001896 28     3.928571
001897 78     2.410256
001898 54     2.629630
001899 3171   3.159256
001900 3261   3.248083
001901 10887  6.012584
001902 37770  4.639317
001903 21     3.095238
001904 6496   3.667488
001905 5792   3.632942
001906 1951   2.956433
001907 19926  5.324450
001908 138196 8.207452
001909 91868  7.349306
001910 24     3.583333
001911 2862   3.202306
001912 19     2.947368
001913 97157  6.609416
001914 101318 7.412237
001915 221983 10.956420
001916 216    2.592593
001917 783    2.288633
001918 886    3.310384
001919 51611  6.224952
001920 327    3.715596
001921 90     3.111111
001922 21069  4.132612
001923 19     2.421053
001924 277    2.537906
001925 4825   6.293472
001926 25857  4.154310
001927 652    4.088957
001928 383    2.313316
001929 20433  3.914795
001930 53867  5.412646
001931 1886   2.926829
001932 15     4.466667
001933 68563  6.141447
001934 213628 10.501760
001935 195510 10.229431
001936 4544   3.660651
001937 15     2.400000
001938 657    3.911720
001939 101238 6.773395
001940 1359   4.083885
001941 290258 12.506959
001942 62     3.306452
001943 997    2.919759
001944 797    3.121706
001945 31     3.161290
001946 110    2.563636
001947 353    2.206799
001948 337    2.397626
001949 471    2.163482
001950 33     3.181818
001951 758    2.321900
001952 15095  4.006691
001953 147    2.870748
001954 2994   3.288911
001955 211495 10.478607
001956 622    2.218650
001957 674    3.489614
001958 5800   3.492069
001959 19     4.105263
001960 16813  3.756082
001961 8697   3.498563
001962 73     2.616438
001963 31     3.000000
001964 198813 10.042281
001965 40053  7.108456
001966 403    2.387097
001967 80647  6.487941
001968 343    2.419825
001969 302    2.321192
001970 6880   3.351890
001971 84     4.833333
001972 63791  6.007117
001973 259    2.467181
001974 43010  6.150546
001975 257837 11.830044
001976 15     3.400000
001977 1364   3.703812
001978 79624  8.699576
001979 10600  6.041698
001980 33308  4.534166
001981 41399  6.045460
001982 20753  3.839686
001983 196    2.678571
001984 209    2.488038
001985 82     2.670732
001986 61079  5.601925
001987 153    3.137255
001988 212385 10.264637
001989 194    3.077320
001990 194    3.005155
001991 9539   3.640214
001992 1410   2.662411
001993 15383  7.248131
001994 82     3.195122
001995 232642 10.523882
001996 87     2.850575
001997 225954 10.913566
001998 8266   9.092306
001999 3842   2.917491
