000000 7025   31.252954
000001 153    0.575163
000002 9267   41.421604
000003 4875   18.040205
000004 7569   29.096975
000005 1411   6.926293
000006 75     0.480000
000007 987    4.009119
000008 173    0.745665
000009 7957   30.201081
000010 91     0.428571
000011 33     0.272727
000012 817    2.119951
000013 373    1.042895
000014 467    1.471092
000015 10393  43.698836
000016 3037   11.089891
000017 9435   35.252782
000018 1783   5.789119
000019 2913   12.527291
000020 831    4.309266
000021 49     0.265306
000022 83     0.361446
000023 49     0.244898
000024 4231   15.560860
000025 947    6.220697
000026 219    0.885845
000027 2813   7.409172
000028 4081   15.073021
000029 7559   25.419500
000030 1173   4.671782
000031 3497   14.251072
000032 145    0.524138
000033 365    1.410959
000034 75     0.440000
000035 33     0.303030
000036 1489   5.866353
000037 2795   7.430769
000038 6283   23.771288
000039 1677   5.106738
000040 159    0.402516
000041 4715   19.480594
000042 2983   10.809588
000043 223    0.739910
000044 857    5.838973
000045 971    3.973223
000046 1901   5.437664
000047 35     0.314286
000048 169    0.704142
000049 61     0.344262
000050 701    1.721826
000051 615    1.840650
000052 45     0.266667
000053 43     0.302326
000054 2365   6.522199
000055 555    1.828829
000056 1517   5.779169
000057 171    0.561404
000058 721    1.520111
000059 77     0.324675
000060 11759  38.947785
000061 4215   15.837722
000062 413    1.430993
000063 123    0.512195
000064 551    1.137931
000065 221    0.733032
000066 259    0.841699
000067 1055   4.722275
000068 247    0.967611
000069 8239   30.385241
000070 151    0.582781
000071 95     0.452632
000072 57     0.315789
000073 85     0.517647
000074 51     0.274510
000075 35     0.314286
000076 927    5.971953
000077 33     0.303030
000078 3841   14.179380
000079 1665   6.579580
000080 89     1.089888
000081 633    2.268562
000082 51     0.294118
000083 199    0.844221
000084 47     0.446809
000085 1235   4.305263
000086 73     0.424658
000087 4469   14.797046
000088 1499   5.102068
000089 1315   4.584791
000090 33     0.303030
000091 47     0.340426
000092 483    1.178054
000093 49     0.306122
000094 1335   4.585768
000095 545    1.271560
000096 221    0.651584
000097 1113   4.842767
000098 5899   23.367181
000099 595    1.749580
000100 3145   12.396502
000101 307    1.039088
000102 4837   18.262559
000103 63     0.380952
000104 2335   8.543469
000105 65     0.415385
000106 7135   29.648353
000107 89     0.393258
000108 2507   10.286398
000109 2513   11.117788
000110 9649   34.943103
000111 73     0.342466
000112 4337   16.808623
000113 1063   4.762935
000114 8821   37.301553
000115 241    1.066390
000116 69     0.420290
000117 159    0.540881
000118 311    1.061093
000119 1313   5.214775
000120 995    4.128643
000121 295    0.891525
000122 10089  38.459114
000123 411    1.318735
000124 41     0.536585
000125 37     0.270270
000126 239    0.648536
000127 545    1.842202
000128 101    1.089109
000129 107    0.485981
000130 3765   15.096946
000131 73     0.616438
000132 35     0.285714
000133 527    1.455408
000134 659    2.453718
000135 1101   4.106267
000136 633    1.529226
000137 3943   12.398935
000138 4415   15.020838
000139 655    1.853435
000140 1311   6.365370
000141 145    0.551724
000142 57     0.333333
000143 6767   20.588001
000144 99     0.373737
000145 543    1.585635
000146 2609   9.684937
000147 389    1.138817
000148 49     0.346939
000149 279    0.813620
000150 1631   6.951563
000151 59     0.254237
000152 1767   6.472552
000153 2841   7.862372
000154 5437   22.846423
000155 617    1.648298
000156 2267   10.917953
000157 5773   20.719557
000158 417    1.443645
000159 1765   6.760340
000160 5969   24.379796
000161 3247   11.594395
000162 67     0.298507
000163 61     0.377049
000164 1089   4.943985
000165 2107   7.917418
000166 33     0.303030
000167 49     0.306122
000168 9043   28.853257
000169 5121   15.265964
000170 1747   6.548941
000171 145    1.200000
000172 209    0.722488
000173 181    0.447514
000174 8729   33.491236
000175 10059  36.382046
000176 145    0.593103
000177 35     0.314286
000178 819    4.148962
000179 1449   5.952381
000180 99     0.424242
000181 37     0.297297
000182 425    0.985882
000183 711    1.738397
000184 147    0.585034
000185 7195   29.850591
000186 69     0.376812
000187 265    0.981132
000188 8841   37.326999
000189 63     0.333333
000190 871    4.839265
000191 33     0.272727
000192 209    0.588517
000193 1555   5.449518
000194 143    0.454545
000195 63     0.333333
000196 409    1.141809
000197 811    2.589396
000198 301    0.850498
000199 1325   5.639245
000200 1445   5.941176
000201 411    1.145985
000202 203    0.610837
000203 99     0.393939
000204 7817   28.269669
000205 193    0.637306
000206 163    0.582822
000207 3121   9.846524
000208 57     0.333333
000209 353    0.943343
000210 115    0.495652
000211 9739   43.825547
000212 119    0.504202
000213 299    0.876254
000214 529    1.243856
000215 473    1.310782
000216 491    1.735234
000217 65     0.338462
000218 5649   24.419012
000219 39     0.358974
000220 75     0.360000
000221 505    1.473267
000222 2767   9.653054
000223 3239   11.671195
000224 3555   10.895359
000225 1999   6.524262
000226 99     0.464646
000227 41     0.292683
000228 81     0.358025
000229 47     0.319149
000230 1637   5.313378
000231 701    2.129815
000232 33     0.242424
000233 10221  42.990118
000234 2693   7.682882
000235 157    0.598726
000236 4325   17.013642
000237 189    0.920635
000238 2993   9.026061
000239 133    0.616541
000240 775    1.947097
000241 101    0.455446
000242 35     0.257143
000243 8379   27.364960
000244 47     0.297872
000245 575    2.354783
000246 73     0.369863
000247 107    0.392523
000248 677    1.695716
000249 4227   15.049207
000250 665    3.025564
000251 9003   28.987449
000252 775    2.290323
000253 6207   24.638473
000254 5973   20.359786
000255 435    0.848276
000256 537    1.649907
000257 51     0.313725
000258 367    1.095368
000259 3413   11.968356
000260 3971   17.457819
000261 8687   31.390353
000262 5861   20.318717
000263 565    1.906195
000264 4247   17.196609
000265 45     0.511111
000266 39     0.333333
000267 35     0.400000
000268 715    2.096503
000269 45     0.622222
000270 2467   7.918525
000271 991    5.904137
000272 2455   6.652953
000273 97     0.515464
000274 1053   3.830959
000275 7043   25.575181
000276 319    1.482759
000277 65     0.384615
000278 777    2.682111
000279 741    2.253711
000280 195    0.543590
000281 6773   29.640337
000282 391    1.680307
000283 5603   18.988578
000284 757    2.870542
000285 3369   13.550312
000286 65     0.353846
000287 2977   12.404434
000288 1513   5.921348
000289 9033   35.983505
000290 347    1.146974
000291 3971   15.090154
000292 39     0.333333
000293 2793   11.916577
000294 4189   15.339938
000295 805    2.556522
000296 4257   13.457129
000297 715    1.690909
000298 53     0.358491
000299 9537   34.214323
000300 43     0.302326
000301 165    0.703030
000302 277    1.425993
000303 6107   22.552808
000304 523    1.650096
000305 1815   5.292562
000306 7759   31.233406
000307 59     0.355932
000308 39     0.641026
000309 8159   32.130286
000310 479    1.517745
000311 8157   28.519922
000312 3685   13.892537
000313 427    0.995316
000314 765    2.546405
000315 2407   9.177399
000316 1553   6.010303
000317 971    6.251287
000318 39     0.282051
000319 57     0.736842
000320 181    0.679558
000321 313    0.830671
000322 141    0.468085
000323 1085   4.659908
000324 191    0.607330
000325 663    1.681750
000326 353    0.762040
000327 83     0.361446
000328 2969   11.739980
000329 835    4.380838
000330 1797   7.247078
000331 39     0.358974
000332 2087   6.717777
000333 243    0.473251
000334 10391  35.845347
000335 2933   9.827139
000336 865    6.175723
000337 115    0.782609
000338 869    5.856157
000339 203    0.911330
000340 623    1.847512
000341 177    0.446328
000342 47     0.276596
000343 1673   5.628213
000344 41     0.268293
000345 4415   15.971914
000346 799    2.352941
000347 63     0.396825
000348 275    0.920000
000349 401    1.107232
000350 3333   10.929493
000351 77     0.389610
000352 2059   7.292861
000353 307    0.804560
000354 487    1.084189
000355 149    0.617450
000356 5015   17.505484
000357 111    0.504505
000358 3469   11.571634
000359 183    0.770492
000360 1267   5.404104
000361 55     0.327273
000362 5439   22.314764
000363 3721   15.479172
000364 447    1.541387
000365 1705   5.170088
000366 2295   6.231373
000367 4205   15.525327
000368 1241   5.274778
000369 1747   6.419576
000370 4903   18.787885
000371 33     0.333333
000372 85     0.352941
000373 77     0.376623
000374 2343   8.304738
000375 3295   11.775417
000376 461    1.839479
000377 43     0.302326
000378 5031   21.708408
000379 1611   6.852266
000380 287    1.034843
000381 41     0.390244
000382 1203   5.714879
000383 4115   16.447874
000384 161    0.583851
000385 4047   17.285891
000386 3935   16.816264
000387 2561   7.571652
000388 4695   17.147817
000389 981    4.462793
000390 41     0.292683
000391 5949   21.604471
000392 2947   11.060061
000393 1279   5.566067
000394 4127   19.114369
000395 73     0.465753
000396 103    0.786408
000397 1105   8.019005
000398 47     0.361702
000399 313    0.923323
000400 147    0.442177
000401 4435   16.590530
000402 5553   21.993337
000403 365    1.005479
000404 157    0.585987
000405 229    0.960699
000406 9635   34.944266
000407 93     0.430108
000408 35     0.228571
000409 2423   10.371853
000410 817    2.413709
000411 103    0.427184
000412 43     0.279070
000413 265    1.026415
000414 99     0.616162
000415 693    1.907648
000416 6745   22.790808
000417 395    1.083544
000418 8471   34.744186
000419 4367   15.503778
000420 125    0.640000
000421 33     0.333333
000422 199    0.577889
000423 4499   17.861080
000424 245    0.832653
000425 4323   16.793893
000426 293    1.252560
000427 11287  47.505715
000428 2405   10.367983
000429 6487   24.067982
000430 4075   15.836564
000431 777    2.045045
000432 315    0.904762
000433 10797  44.088543
000434 97     0.969072
000435 273    1.868132
000436 415    1.530120
000437 3263   12.154766
000438 5473   20.874657
000439 597    1.814070
000440 81     0.320988
000441 121    0.462810
000442 515    1.475728
000443 55     0.363636
000444 149    0.442953
000445 3803   13.137523
000446 177    0.581921
000447 33     0.333333
000448 127    0.543307
000449 7819   30.594961
000450 743    1.977120
000451 243    0.753086
000452 347    1.048991
000453 63     0.333333
000454 411    1.245742
000455 827    2.620314
000456 3361   11.073788
000457 35     0.285714
000458 7659   24.687165
000459 43     0.302326
000460 1239   4.142050
000461 10727  35.011373
000462 257    0.976654
000463 5437   22.990068
000464 73     0.438356
000465 79     0.354430
000466 45     0.355556
000467 3905   13.630986
000468 351    1.091168
000469 37     0.297297
000470 815    3.191411
000471 303    0.877888
000472 2491   9.256523
000473 7621   31.752920
000474 4411   17.708910
000475 5541   22.044216
000476 2857   8.203710
000477 93     0.731183
000478 3899   15.396255
000479 61     0.737705
000480 51     0.274510
000481 921    2.498371
000482 2499   8.340936
000483 1273   4.664572
000484 11493  43.754720
000485 4683   18.315610
000486 415    1.079518
000487 55     0.327273
000488 53     0.528302
000489 5103   20.766608
000490 35     0.428571
000491 8467   30.239991
000492 9531   36.042703
000493 5505   21.475386
000494 1819   7.921385
000495 123    0.398374
000496 61     0.508197
000497 319    1.642633
000498 629    2.372019
000499 1369   6.107378
000500 443    1.756208
000501 1499   5.416945
000502 369    1.262873
000503 2997   11.686019
000504 2327   8.808337
000505 1293   5.661253
000506 227    0.603524
000507 3767   12.379347
000508 45     0.400000
000509 385    0.844156
000510 125    0.552000
000511 2763   11.513210
000512 4231   16.890097
000513 435    1.393103
000514 321    1.074766
000515 1545   6.065372
000516 49     0.285714
000517 4111   15.064948
000518 405    1.274074
000519 435    1.062069
000520 1193   5.709137
000521 7279   28.306498
000522 521    1.664107
000523 79     0.354430
000524 2753   12.805667
000525 73     0.383562
000526 153    0.620915
000527 771    4.396887
000528 5811   22.358802
000529 33     0.515152
000530 287    1.557491
000531 85     0.847059
000532 2197   8.731452
000533 957    4.198537
000534 2011   6.720040
000535 6367   20.890686
000536 51     0.352941
000537 871    4.802526
000538 2751   9.429298
000539 8205   28.159293
000540 1741   6.179207
000541 69     0.333333
000542 2107   7.495491
000543 923    4.439870
000544 239    0.853556
000545 95     0.326316
000546 7339   24.604033
000547 587    2.855196
000548 1541   7.053861
000549 155    0.470968
000550 39     0.589744
000551 545    1.577982
000552 43     0.348837
000553 431    1.619490
000554 5261   19.150162
000555 447    1.903803
000556 1613   5.734036
000557 63     0.396825
000558 1847   6.710341
000559 53     0.471698
000560 1811   6.027609
000561 273    0.747253
000562 2719   11.933064
000563 7581   26.364596
000564 1265   6.026877
000565 105    0.619048
000566 9007   35.703675
000567 37     0.378378
000568 3517   13.905886
000569 171    0.660819
000570 2989   11.809970
000571 631    2.464342
000572 51     0.333333
000573 745    2.797315
000574 2619   7.817488
000575 65     0.353846
000576 45     0.355556
000577 705    1.748936
000578 69     0.304348
000579 8887   36.889502
000580 55     0.381818
000581 845    3.627219
000582 41     0.292683
000583 97     0.587629
000584 2663   7.995118
000585 599    1.522538
000586 167    0.628743
000587 9655   37.291766
000588 7517   30.071837
000589 6261   25.318320
000590 247    0.838057
000591 10571  41.355406
000592 573    1.703316
000593 3615   15.079945
000594 9855   34.266870
000595 307    0.833876
000596 6445   20.089992
000597 2289   8.039318
000598 121    0.487603
000599 7889   34.643935
000600 487    1.365503
000601 155    0.548387
000602 5489   25.885772
000603 95     0.494737
000604 9723   37.277589
000605 161    0.732919
000606 2799   10.534834
000607 253    0.905138
000608 61     0.360656
000609 1827   7.597701
000610 275    1.320000
000611 721    1.564494
000612 7447   28.198738
000613 1671   6.663076
000614 2847   8.726730
000615 633    1.587678
000616 141    0.503546
000617 45     0.377778
000618 531    1.137476
000619 2591   8.609031
000620 227    0.801762
000621 1119   4.234138
000622 357    1.056022
000623 3999   12.955239
000624 151    0.509934
000625 1385   4.498195
000626 1039   4.712223
000627 97     0.432990
000628 1375   5.081455
000629 10387  41.548763
000630 45     0.377778
000631 219    0.867580
000632 1013   5.799605
000633 97     0.731959
000634 1617   5.746444
000635 135    0.570370
000636 521    1.725528
000637 2703   9.314095
000638 47     0.276596
000639 6457   22.120954
000640 153    0.496732
000641 625    2.052800
000642 123    0.512195
000643 485    1.331959
000644 6177   23.260644
000645 315    1.095238
000646 297    1.101010
000647 677    2.675037
000648 1673   5.655111
000649 93     0.344086
000650 385    1.381818
000651 713    2.081346
000652 287    0.891986
000653 11733  50.002472
000654 1231   4.561332
000655 5997   24.732366
000656 85     0.423529
000657 1377   5.677560
000658 10297  36.964747
000659 10513  44.502806
000660 1727   4.884192
000661 73     0.328767
000662 2589   8.200077
000663 531    1.263653
000664 2273   8.331720
000665 2981   11.908755
000666 7475   24.833445
000667 1241   4.171636
000668 139    0.438849
000669 35     0.514286
000670 143    0.608392
000671 3161   12.620057
000672 9115   33.618651
000673 149    0.630872
000674 129    0.573643
000675 523    1.418738
000676 1965   8.278880
000677 9299   35.640822
000678 135    0.481481
000679 1107   4.130081
000680 1145   5.478603
000681 6703   24.279576
000682 45     0.333333
000683 1781   6.627737
000684 43     0.534884
000685 4703   18.085690
000686 327    0.874618
000687 967    4.789038
000688 55     0.327273
000689 59     0.389831
000690 519    1.687861
000691 10345  42.675592
000692 221    0.787330
000693 2607   12.648638
000694 733    1.833561
000695 6633   27.065280
000696 6901   30.514998
000697 329    1.179331
000698 6701   29.572601
000699 51     0.392157
000700 6103   23.796985
000701 153    0.725490
000702 10617  40.737308
000703 2701   8.080711
000704 4401   16.413542
000705 2593   7.470883
000706 223    0.713004
000707 93     0.365591
000708 483    1.318841
000709 4907   20.355614
000710 2833   12.164137
000711 1993   5.810838
000712 1385   4.862094
000713 51     0.333333
000714 43     0.372093
000715 127    0.393701
000716 79     0.354430
000717 531    1.860640
000718 2029   6.323805
000719 51     0.274510
000720 4073   18.085686
000721 2049   7.229868
000722 347    1.319885
000723 4423   14.931042
000724 395    1.227848
000725 4347   16.297677
000726 197    0.619289
000727 239    0.824268
000728 449    1.305122
000729 10875  36.256368
000730 443    1.158014
000731 49     0.530612
000732 1019   4.410206
000733 125    0.504000
000734 193    0.730570
000735 773    1.403622
000736 107    0.635514
000737 181    0.751381
000738 651    2.219662
000739 367    1.019074
000740 83     0.349398
000741 577    2.008666
000742 1529   7.132767
000743 6433   22.636406
000744 265    1.120755
000745 1205   4.468050
000746 67     0.388060
000747 633    1.661927
000748 225    0.582222
000749 41     0.268293
000750 2045   6.937897
000751 67     0.388060
000752 413    1.104116
000753 431    1.988399
000754 151    0.589404
000755 1051   4.044719
000756 55     0.290909
000757 105    0.704762
000758 3561   10.962370
000759 165    0.648485
000760 57     0.333333
000761 1217   4.695974
000762 1747   5.886663
000763 1017   4.999017
000764 105    0.552381
000765 1175   4.350638
000766 139    0.489209
000767 285    0.919298
000768 191    0.706806
000769 349    0.954155
000770 3003   11.858142
000771 1557   6.546564
000772 63     0.349206
000773 35     0.285714
000774 63     0.476190
000775 5233   19.968660
000776 161    0.509317
000777 83     0.409639
000778 1807   6.789153
000779 159    0.553459
000780 81     0.444444
000781 83     0.409639
000782 933    4.260450
000783 209    1.311005
000784 11113  42.561954
000785 6949   25.892646
000786 325    1.003077
000787 131    0.572519
000788 1045   4.889952
000789 911    3.886937
000790 59     0.355932
000791 5739   21.240809
000792 6589   25.314312
000793 3575   10.582937
000794 2233   6.836095
000795 241    0.995851
000796 147    0.639456
000797 1309   4.980901
000798 77     0.350649
000799 305    1.036066
000800 8975   34.592535
000801 3017   12.118992
000802 639    2.064163
000803 49     0.408163
000804 1169   5.006843
000805 4003   17.557082
000806 33     0.303030
000807 11273  41.435465
000808 2741   7.926669
000809 127    0.527559
000810 451    1.556541
000811 577    1.346620
000812 47     0.319149
000813 721    1.951456
000814 545    1.379817
000815 7443   23.980922
000816 53     0.283019
000817 4451   17.493822
000818 109    0.422018
000819 1071   4.355742
000820 2115   5.947991
000821 51     0.294118
000822 4119   11.672251
000823 957    4.467085
000824 129    0.550388
000825 259    0.864865
000826 189    0.566138
000827 183    0.562842
000828 223    0.757848
000829 723    2.069156
000830 131    0.519084
000831 8417   26.454319
000832 481    1.646570
000833 2729   11.135947
000834 493    1.365112
000835 1611   6.823712
000836 2521   8.942880
000837 825    4.501818
000838 869    3.726122
000839 8289   33.697551
000840 77     0.662338
000841 141    0.680851
000842 1731   5.469093
000843 405    1.069136
000844 87     0.413793
000845 1103   5.503173
000846 2467   5.276854
000847 493    1.486815
000848 1431   5.811321
000849 4201   18.880505
000850 5839   25.236856
000851 589    1.449915
000852 1361   4.374724
000853 5347   20.506078
000854 603    1.621891
000855 917    5.065431
000856 727    2.419532
000857 5877   21.152799
000858 41     0.390244
000859 8845   36.416959
000860 2591   10.607873
000861 169    0.502959
000862 35     0.285714
000863 107    0.457944
000864 81     0.481481
000865 37     0.297297
000866 45     0.311111
000867 949    2.366702
000868 6575   28.660228
000869 591    1.546531
000870 129    0.480620
000871 111    0.819820
000872 101    0.415842
000873 513    1.405458
000874 635    2.215748
000875 237    0.886076
000876 61     0.295082
000877 2615   10.174379
000878 167    0.598802
000879 215    0.702326
000880 11171  44.158446
000881 205    0.887805
000882 183    0.551913
000883 457    1.310722
000884 95     0.336842
000885 875    4.878857
000886 79     0.392405
000887 271    0.723247
000888 461    1.318872
000889 4263   13.443350
000890 4841   18.736831
000891 3609   13.966196
000892 59     0.271186
000893 69     0.318841
000894 4097   18.400781
000895 2585   11.120696
000896 113    0.654867
000897 829    3.568154
000898 101    0.415842
000899 335    0.904478
000900 117    0.487179
000901 1837   6.358193
000902 341    0.841642
000903 63     0.285714
000904 423    1.134752
000905 1909   5.760084
000906 61     0.278689
000907 147    0.605442
000908 1457   5.140700
000909 9187   34.872537
000910 85     0.411765
000911 2487   9.190591
000912 1637   5.885156
000913 1519   5.548387
000914 1861   7.722192
000915 11243  36.114293
000916 1559   7.158435
000917 277    1.144404
000918 2319   8.040535
000919 10847  40.566608
000920 615    1.681301
000921 1163   6.496991
000922 3473   12.631730
000923 249    0.646586
000924 11987  46.604321
000925 641    1.815913
000926 309    0.737864
000927 4625   13.511135
000928 55     0.345455
000929 3517   10.584305
000930 979    2.320735
000931 3215   11.891135
000932 2471   8.404290
000933 5917   24.035153
000934 95     0.494737
000935 41     0.292683
000936 1155   5.023377
000937 87     0.310345
000938 129    0.604651
000939 67     0.313433
000940 3281   14.160012
000941 403    1.290323
000942 57     0.631579
000943 185    0.994595
000944 7857   33.936362
000945 167    0.694611
000946 61     0.360656
000947 1065   6.094836
000948 4489   16.239252
000949 65     0.507692
000950 375    0.978667
000951 45     0.266667
000952 105    0.533333
000953 1681   6.494349
000954 153    0.581699
000955 2141   8.716488
000956 9115   25.992979
000957 1179   4.948261
000958 2155   7.372158
000959 199    0.723618
000960 1425   6.672982
000961 2845   10.629525
000962 1563   5.790147
000963 10173  41.386120
000964 73     0.342466
000965 1953   6.731695
000966 1169   5.112062
000967 453    1.359823
000968 539    1.673469
000969 229    0.720524
000970 145    0.503448
000971 807    4.800496
000972 4075   16.103313
000973 911    3.800220
000974 1121   4.985727
000975 41     0.292683
000976 91     0.483516
000977 1987   6.297937
000978 165    0.581818
000979 123    0.455285
000980 363    1.201102
000981 83     0.325301
000982 63     0.285714
000983 149    0.550336
000984 41     0.292683
000985 10239  42.705440
000986 677    2.581979
000987 411    0.863747
000988 2033   8.928677
000989 2603   9.203227
000990 39     0.487179
000991 1183   5.948436
000992 45     0.288889
000993 7797   26.896242
000994 4335   15.235755
000995 157    0.547771
000996 173    0.670520
000997 11443  43.962073
000998 3121   10.175905
000999 529    1.557656
001000 1849   6.769605
001001 719    2.776078
001002 83     0.313253
001003 7605   30.633925
001004 7387   28.758630
001005 7963   28.595002
001006 6851   30.250182
001007 197    0.598985
001008 103    0.524272
001009 5019   19.167763
001010 83     0.337349
001011 185    0.729730
001012 391    1.092072
001013 1239   5.726392
001014 743    2.763122
001015 3353   11.414554
001016 1129   3.457927
001017 5285   18.936991
001018 8191   28.456965
001019 1367   5.765179
001020 379    0.984169
001021 83     0.337349
001022 1177   5.954970
001023 693    3.020202
001024 97     0.371134
001025 265    0.845283
001026 3365   11.942051
001027 235    0.740426
001028 353    1.246459
001029 179    0.614525
001030 3311   11.685895
001031 149    0.684564
001032 137    0.525547
001033 2503   8.411506
001034 75     0.386667
001035 93     0.344086
001036 505    1.142574
001037 3847   16.380816
001038 93     0.419355
001039 377    1.140584
001040 947    4.239704
001041 55     0.290909
001042 6429   24.335822
001043 4869   15.407476
001044 3375   12.963556
001045 735    2.048980
001046 9223   37.988941
001047 1095   4.575342
001048 4653   16.094992
001049 583    2.397942
001050 565    1.729204
001051 73     0.315068
001052 1003   4.683948
001053 453    1.220751
001054 3713   18.018583
001055 2701   10.622732
001056 4121   17.206503
001057 7943   33.926098
001058 35     0.342857
001059 5695   23.606497
001060 63     0.428571
001061 113    0.469027
001062 1223   4.564186
001063 405    0.997531
001064 753    2.420983
001065 8101   25.746451
001066 777    1.837838
001067 515    1.732039
001068 449    1.262806
001069 4947   19.993531
001070 305    1.016393
001071 3827   14.322707
001072 857    2.520420
001073 11647  42.244870
001074 9373   33.486077
001075 193    0.709845
001076 971    7.255407
001077 9937   42.320821
001078 367    1.024523
001079 35     0.200000
001080 3443   12.305838
001081 101    0.504950
001082 181    0.701657
001083 3375   16.084148
001084 4769   22.978402
001085 185    0.751351
001086 5557   21.756163
001087 181    0.624309
001088 11233  46.561204
001089 67     0.417910
001090 1995   7.336341
001091 361    1.069252
001092 2067   7.879052
001093 1955   8.687980
001094 121    0.809917
001095 1757   8.417758
001096 3333   12.916292
001097 133    0.496241
001098 49     0.326531
001099 8371   40.211564
001100 529    1.289225
001101 199    0.623116
001102 309    1.365696
001103 489    1.280164
001104 53     0.528302
001105 6369   24.452190
001106 7783   32.956829
001107 10267  41.993766
001108 59     0.389831
001109 10733  43.718904
001110 83     0.433735
001111 2429   10.370523
001112 39     0.256410
001113 45     0.222222
001114 37     0.243243
001115 1673   5.924686
001116 137    1.131387
001117 9491   39.545464
001118 1207   5.251036
001119 85     0.435294
001120 127    0.543307
001121 963    4.187954
001122 3383   14.188590
001123 63     0.619048
001124 4739   17.278962
001125 681    2.174743
001126 2321   9.269280
001127 43     0.348837
001128 157    0.547771
001129 9659   43.657314
001130 1713   6.297140
001131 2757   11.137831
001132 197    0.502538
001133 8227   30.125441
001134 165    0.575758
001135 1571   5.553787
001136 145    0.462069
001137 55     0.345455
001138 313    1.134185
001139 225    1.013333
001140 3051   13.283186
001141 121    0.958678
001142 133    0.609023
001143 6765   26.635033
001144 37     0.270270
001145 2597   9.357720
001146 109    0.724771
001147 1237   5.434115
001148 137    0.518248
001149 95     0.452632
001150 131    0.709924
001151 309    1.595469
001152 149    0.758389
001153 167    0.718563
001154 4627   19.606440
001155 1023   5.640274
001156 93     0.333333
001157 4453   19.432517
001158 10537  39.847964
001159 651    1.718894
001160 173    0.710983
001161 525    1.708571
001162 5733   24.163091
001163 1245   5.707631
001164 205    0.678049
001165 123    0.406504
001166 817    5.128519
001167 7851   29.702458
001168 125    0.560000
001169 1189   5.068124
001170 6105   35.629484
001171 3657   12.616899
001172 211    0.473934
001173 11509  39.160744
001174 2353   8.638334
001175 4429   21.180176
001176 51     0.313725
001177 1349   4.035582
001178 43     0.279070
001179 417    1.714628
001180 8211   34.667154
001181 69     0.362319
001182 8835   36.584041
001183 367    1.234332
001184 39     0.282051
001185 225    0.822222
001186 3883   14.438578
001187 151    0.463576
001188 817    2.917993
001189 819    2.778999
001190 913    4.133625
001191 791    4.281922
001192 7785   30.121901
001193 1139   6.093942
001194 101    0.415842
001195 451    1.126386
001196 167    0.574850
001197 4115   14.047145
001198 55     0.309091
001199 323    0.826625
001200 2237   7.835494
001201 113    0.469027
001202 113    0.663717
001203 7071   24.287230
001204 5209   16.863697
001205 2831   13.088661
001206 4359   15.629043
001207 835    3.172455
001208 423    1.238771
001209 59     0.305085
001210 3781   16.186194
001211 5883   14.767636
001212 2659   8.606995
001213 47     0.340426
001214 2913   12.967731
001215 7073   26.050049
001216 1695   8.475516
001217 45     0.377778
001218 1009   5.548067
001219 101    0.821782
001220 3313   14.358587
001221 301    0.923588
001222 111    0.423423
001223 2269   7.992508
001224 415    0.891566
001225 10467  39.278399
001226 5091   20.505795
001227 61     0.688525
001228 57     0.315789
001229 3295   12.517754
001230 2549   9.638290
001231 7361   29.321152
001232 701    1.974322
001233 1677   5.771020
001234 10215  34.744102
001235 39     0.666667
001236 61     0.295082
001237 335    1.113433
001238 6617   23.600423
001239 577    2.668977
001240 321    0.906542
001241 3841   15.010935
001242 115    0.573913
001243 1531   6.495754
001244 4131   18.271121
001245 1525   5.445902
001246 917    5.109051
001247 189    0.597884
001248 43     0.348837
001249 65     0.400000
001250 725    2.347586
001251 3951   16.262465
001252 117    0.452991
001253 10619  38.491383
001254 11423  40.819399
001255 459    1.267974
001256 1469   5.664398
001257 515    1.561165
001258 1189   5.588730
001259 1275   5.930980
001260 11571  48.830006
001261 181    0.629834
001262 1515   7.572277
001263 153    0.568627
001264 129    0.372093
001265 43     0.348837
001266 1115   4.866368
001267 4913   17.585793
001268 2039   7.872487
001269 7353   23.546172
001270 397    1.382872
001271 683    2.152269
001272 35     0.228571
001273 2449   8.202123
001274 2973   11.494786
001275 1865   6.025201
001276 1389   4.742981
001277 949    4.518440
001278 501    1.491018
001279 1543   6.796500
001280 3047   10.510338
001281 671    1.508197
001282 307    1.117264
001283 77     0.376623
001284 11873  45.036132
001285 7645   25.457816
001286 499    1.458918
001287 2453   11.452507
001288 41     0.365854
001289 97     0.412371
001290 59     0.457627
001291 87     0.344828
001292 229    0.694323
001293 1803   5.473100
001294 255    0.784314
001295 1279   5.491790
001296 1287   4.719503
001297 35     0.314286
001298 101    0.405941
001299 9447   34.900709
001300 1787   7.884163
001301 8461   35.688926
001302 287    0.811847
001303 329    1.361702
001304 1235   5.268826
001305 1131   4.206012
001306 753    2.633466
001307 167    0.491018
001308 7037   26.681540
001309 10603  39.098651
001310 209    0.732057
001311 207    0.734300
001312 321    1.495327
001313 3799   15.422743
001314 141    0.595745
001315 455    1.131868
001316 939    4.082002
001317 5173   15.857723
001318 1933   6.915675
001319 2047   7.129946
001320 157    0.554140
001321 101    0.742574
001322 3167   12.185665
001323 91     0.483516
001324 3691   13.230561
001325 3813   13.493575
001326 937    4.765208
001327 4009   17.528810
001328 1703   7.582501
001329 207    0.628019
001330 181    0.679558
001331 4075   14.729816
001332 7349   30.863111
001333 121    0.495868
001334 6155   23.356133
001335 233    0.819742
001336 65     0.430769
001337 307    1.413681
001338 149    1.348993
001339 37     0.324324
001340 743    2.890983
001341 7215   26.494248
001342 49     0.285714
001343 2529   8.465006
001344 69     0.753623
001345 255    1.019608
001346 3201   13.177445
001347 4229   17.557579
001348 241    0.892116
001349 341    1.099707
001350 913    2.470975
001351 79     0.594937
001352 543    1.773481
001353 219    0.771689
001354 4983   20.752759
001355 2571   10.731233
001356 3693   16.733550
001357 115    0.495652
001358 4633   17.410317
001359 543    1.893186
001360 41     0.292683
001361 6999   23.731676
001362 4739   20.082718
001363 495    1.408081
001364 225    0.702222
001365 3183   12.434496
001366 7683   31.680854
001367 593    2.802698
001368 139    0.438849
001369 1915   8.141514
001370 1177   4.169074
001371 329    1.440729
001372 381    1.225722
001373 6405   24.558470
001374 49     0.469388
001375 51     0.372549
001376 2305   9.998698
001377 1195   5.523013
001378 639    1.557121
001379 3567   13.470143
001380 7173   29.692597
001381 1889   6.481736
001382 5397   17.863257
001383 441    1.074830
001384 10943  45.037467
001385 65     0.338462
001386 5157   20.147954
001387 511    1.178082
001388 121    0.537190
001389 63     0.365079
001390 7159   26.175583
001391 2947   10.718358
001392 4899   15.569300
001393 521    1.980806
001394 63     0.317460
001395 4333   16.755597
001396 41     0.536585
001397 4161   13.391733
001398 9423   38.789133
001399 255    0.666667
001400 125    0.488000
001401 37     0.378378
001402 243    1.255144
001403 93     0.526882
001404 2453   8.791684
001405 7793   29.446041
001406 2395   8.364509
001407 1029   4.441205
001408 601    1.805324
001409 4611   14.750596
001410 61     0.524590
001411 1903   6.182869
001412 41     0.268293
001413 4225   16.462722
001414 95     0.442105
001415 487    1.431211
001416 1975   6.770633
001417 2925   9.934701
001418 4009   13.585433
001419 33     0.333333
001420 1379   5.187817
001421 2509   8.624153
001422 349    1.028653
001423 223    0.650224
001424 6139   22.476788
001425 313    0.974441
001426 8167   25.518183
001427 1209   4.965261
001428 955    4.998953
001429 11383  44.863129
001430 1223   4.900245
001431 305    1.052459
001432 1637   6.620037
001433 3329   15.793031
001434 429    1.198135
001435 51     0.352941
001436 4137   17.779067
001437 287    1.243902
001438 5755   23.240834
001439 151    0.609272
001440 97     0.381443
001441 467    1.608137
001442 61     0.377049
001443 135    0.562963
001444 509    1.636542
001445 33     0.303030
001446 10283  35.021006
001447 1389   5.410367
001448 227    0.726872
001449 175    0.765714
001450 7131   29.150750
001451 83     0.421687
001452 285    1.150877
001453 61     0.803279
001454 3211   13.445033
001455 1211   4.205615
001456 6139   24.465711
001457 253    0.604743
001458 9345   29.672766
001459 1487   4.833221
001460 79     0.531646
001461 5593   18.313427
001462 2679   11.194102
001463 5311   21.813218
001464 41     0.292683
001465 35     0.371429
001466 1149   5.284595
001467 11975  36.649770
001468 155    0.522581
001469 1349   3.965901
001470 587    1.800681
001471 847    5.251476
001472 219    0.634703
001473 1061   4.740811
001474 175    0.611429
001475 51     0.254902
001476 259    0.741313
001477 591    1.588832
001478 1187   4.895535
001479 637    2.037677
001480 97     0.494845
001481 81     0.432099
001482 213    0.746479
001483 1325   4.667170
001484 2375   8.454316
001485 1031   4.560621
001486 1099   4.731574
001487 527    1.239089
001488 741    1.403509
001489 9427   34.181182
001490 907    5.072767
001491 71     0.507042
001492 563    1.518650
001493 65     0.338462
001494 5063   21.094410
001495 851    2.575793
001496 5599   21.648509
001497 6045   26.316460
001498 6181   22.927682
001499 263    0.988593
001500 173    0.624277
001501 61     0.377049
001502 9155   38.555325
001503 283    0.879859
001504 5131   15.582732
001505 1263   5.707838
001506 35     0.485714
001507 173    0.890173
001508 1399   4.878485
001509 847    2.606848
001510 103    0.553398
001511 283    0.897527
001512 47     0.297872
001513 3315   13.303167
001514 7189   23.902490
001515 671    2.132638
001516 253    0.928854
001517 4153   16.331808
001518 5769   22.423124
001519 67     0.388060
001520 249    0.815261
001521 49     0.367347
001522 1693   6.685765
001523 1899   6.529753
001524 5467   19.933785
001525 175    0.594286
001526 2117   8.215399
001527 517    2.396518
001528 105    0.485714
001529 3849   19.177708
001530 127    0.661417
001531 161    0.590062
001532 2801   11.801856
001533 241    1.145228
001534 489    1.486708
001535 119    0.512605
001536 297    0.835017
001537 173    0.549133
001538 4407   17.715680
001539 45     0.355556
001540 271    0.715867
001541 9225   39.791003
001542 3191   9.693826
001543 491    1.427699
001544 305    0.859016
001545 49     0.285714
001546 4973   15.560627
001547 135    0.548148
001548 7197   29.387662
001549 207    0.874396
001550 4121   19.006552
001551 3523   12.633551
001552 1847   7.242014
001553 359    1.387187
001554 73     0.342466
001555 4683   17.786889
001556 657    2.129376
001557 11171  45.099902
001558 173    0.728324
001559 97     0.474227
001560 49     0.306122
001561 3591   13.286550
001562 37     0.270270
001563 647    1.663060
001564 71     0.366197
001565 53     0.641509
001566 2513   8.906486
001567 59     0.355932
001568 267    1.295880
001569 1797   4.638286
001570 317    0.870662
001571 119    0.470588
001572 103    0.485437
001573 225    0.786667
001574 6283   23.618972
001575 1799   6.696498
001576 10881  43.226450
001577 719    2.184979
001578 4537   16.802072
001579 483    1.641822
001580 175    0.851429
001581 629    1.688394
001582 293    0.914676
001583 71     0.380282
001584 479    1.033403
001585 325    1.323077
001586 39     0.230769
001587 45     0.333333
001588 37     0.351351
001589 1953   5.799283
001590 1947   5.782229
001591 467    1.299786
001592 723    2.207469
001593 129    0.519380
001594 361    1.254848
001595 11793  46.819554
001596 647    1.969088
001597 325    1.264615
001598 261    0.816092
001599 5597   21.644988
001600 91     0.428571
001601 33     0.303030
001602 897    4.373467
001603 255    0.878431
001604 1387   5.493872
001605 1413   5.003539
001606 11661  38.468227
001607 93     0.462366
001608 8381   28.284453
001609 253    0.901186
001610 2365   8.235941
001611 865    1.821965
001612 483    1.668737
001613 6193   19.762312
001614 4309   13.278719
001615 259    1.247104
001616 4673   16.313289
001617 167    0.748503
001618 271    0.966790
001619 3169   11.945093
001620 417    1.127098
001621 215    0.655814
001622 35     0.228571
001623 61     0.278689
001624 3197   11.244917
001625 371    0.921833
001626 1727   6.513607
001627 39     0.333333
001628 889    2.323960
001629 3495   14.865522
001630 455    1.252747
001631 11039  39.991394
001632 675    1.542222
001633 5785   25.468280
001634 9921   33.025602
001635 3227   11.765727
001636 7247   28.130951
001637 145    0.731034
001638 45     0.266667
001639 247    1.408907
001640 2759   11.508518
001641 47     0.382979
001642 5779   22.646825
001643 61     0.327869
001644 4271   16.268321
001645 97     0.567010
001646 8653   32.609846
001647 1555   5.616720
001648 985    4.261929
001649 525    1.788571
001650 2619   10.851470
001651 305    0.960656
001652 79     0.417722
001653 163    0.527607
001654 493    1.200811
001655 7125   30.181895
001656 57     0.368421
001657 129    0.744186
001658 35     0.371429
001659 9019   27.321100
001660 7291   30.415032
001661 123    0.731707
001662 8919   25.630900
001663 127    0.448819
001664 6329   21.027176
001665 177    0.711864
001666 37     0.297297
001667 3551   12.350042
001668 61     0.311475
001669 1995   6.071679
001670 517    1.589942
001671 81     0.308642
001672 1067   4.411434
001673 59     0.474576
001674 1727   6.559351
001675 643    1.892691
001676 6083   21.963176
001677 249    0.879518
001678 1325   5.445283
001679 317    0.946372
001680 285    0.866667
001681 851    3.863690
001682 37     0.378378
001683 53     0.358491
001684 1499   6.685791
001685 1231   5.805849
001686 63     0.396825
001687 243    0.860082
001688 479    1.392484
001689 647    1.916538
001690 8835   34.425580
001691 1609   5.876942
001692 1719   6.028505
001693 549    1.806922
001694 3357   13.209413
001695 3915   13.808174
001696 943    4.630965
001697 7285   29.098833
001698 6073   22.136506
001699 73     0.397260
001700 225    0.706667
001701 149    0.530201
001702 1771   7.760023
001703 525    1.449524
001704 6411   22.861800
001705 1407   3.967306
001706 509    1.662083
001707 9687   42.385672
001708 4665   14.457663
001709 51     0.294118
001710 85     0.411765
001711 1615   6.469969
001712 229    1.026201
001713 515    1.116505
001714 175    0.702857
001715 45     0.266667
001716 33     0.333333
001717 1667   6.077385
001718 87     0.425287
001719 205    0.882927
001720 815    2.677301
001721 215    0.623256
001722 8817   38.594193
001723 773    2.642950
001724 37     0.243243
001725 65     0.246154
001726 119    0.462185
001727 191    0.591623
001728 39     0.461538
001729 1213   5.489695
001730 53     0.301887
001731 167    0.610778
001732 525    1.377143
001733 927    3.896440
001734 55     0.472727
001735 1721   5.935503
001736 4739   15.966449
001737 101    0.584158
001738 6935   25.782696
001739 61     0.409836
001740 63     0.412698
001741 285    0.929825
001742 401    1.301746
001743 51     0.333333
001744 287    1.195122
001745 69     0.550725
001746 147    0.517007
001747 7389   30.861551
001748 53     0.415094
001749 2329   11.589094
001750 71     0.309859
001751 967    7.143744
001752 4119   16.554746
001753 105    0.428571
001754 149    0.583893
001755 10503  39.489955
001756 4185   14.848746
001757 129    0.488372
001758 1525   6.000000
001759 7315   28.420643
001760 6469   22.422013
001761 241    0.995851
001762 153    0.431373
001763 51     0.372549
001764 139    0.683453
001765 765    4.677124
001766 381    1.225722
001767 8031   34.985556
001768 53     0.301887
001769 99     0.383838
001770 527    1.351044
001771 109    0.366972
001772 223    0.677130
001773 6461   22.145334
001774 699    1.968526
001775 61     0.377049
001776 69     0.521739
001777 269    0.985130
001778 229    0.589520
001779 597    1.847571
001780 291    0.687285
001781 337    0.875371
001782 2037   7.268532
001783 899    2.767519
001784 6513   22.736373
001785 1387   5.513338
001786 441    1.081633
001787 1403   5.435495
001788 207    0.772947
001789 45     0.377778
001790 371    1.369272
001791 163    0.705521
001792 69     0.405797
001793 3175   16.263307
001794 10625  33.571482
001795 71     0.394366
001796 1961   7.789393
001797 33     0.636364
001798 4083   15.837130
001799 147    0.530612
001800 4077   13.272259
001801 11097  47.284311
001802 63     0.333333
001803 7133   24.369129
001804 6665   27.650563
001805 6349   24.509057
001806 4811   15.167741
001807 1337   5.806283
001808 4463   18.708044
001809 113    0.699115
001810 189    0.851852
001811 817    4.127295
001812 43     0.348837
001813 8175   27.405627
001814 71     0.408451
001815 369    1.005420
001816 1677   6.919499
001817 61     0.344262
001818 8571   33.666433
001819 327    1.003058
001820 1607   5.792159
001821 5839   20.356739
001822 135    0.533333
001823 107    0.523364
001824 1437   5.936674
001825 433    1.272517
001826 519    1.564547
001827 121    0.388430
001828 3657   14.060705
001829 8955   30.938693
001830 5183   21.045919
001831 77     0.454545
001832 231    1.207792
001833 263    1.060837
001834 275    0.730909
001835 289    0.705882
001836 67     0.313433
001837 5541   21.669374
001838 3889   12.952430
001839 2771   11.063154
001840 1625   5.896000
001841 6253   26.879258
001842 55     0.436364
001843 115    0.556522
001844 2963   15.673304
001845 1515   6.603300
001846 11767  46.843121
001847 179    0.486034
001848 57     0.350877
001849 311    0.942122
001850 3353   11.903072
001851 111    0.639640
001852 395    1.068354
001853 4513   13.926213
001854 4667   18.030855
001855 7723   30.364107
001856 6623   25.445719
001857 8251   32.775421
001858 9001   37.760138
001859 8349   36.233441
001860 85     0.482353
001861 4837   16.385156
001862 61     0.344262
001863 761    2.512484
001864 533    1.024390
001865 1373   5.559359
001866 37     0.378378
001867 121    0.702479
001868 59     0.491525
001869 5523   18.840123
001870 1849   5.803137
001871 411    1.072993
001872 10425  38.393477
001873 6505   22.966487
001874 581    1.394148
001875 555    1.830631
001876 741    1.499325
001877 215    0.837209
001878 1655   5.342598
001879 291    0.883162
001880 1559   6.359205
001881 3407   13.370707
001882 79     0.430380
001883 2147   10.669772
001884 10107  44.636885
001885 91     0.384615
001886 285    0.789474
001887 1389   5.509719
001888 3765   13.329349
001889 9103   36.472152
001890 33     0.363636
001891 257    0.789883
001892 1575   6.106032
001893 63     0.380952
001894 119    0.462185
001895 199    0.673367
001896 39     0.282051
001897 499    1.232465
001898 6121   20.394870
001899 9861   38.650238
001900 6017   21.677580
001901 1733   6.574149
001902 1903   7.571729
001903 45     0.266667
001904 417    1.155875
001905 3501   10.750928
001906 4735   17.929461
001907 131    0.541985
001908 83     0.542169
001909 351    1.116809
001910 2109   8.023708
001911 7315   27.434586
001912 3737   13.879583
001913 351    1.783476
001914 5765   21.685343
001915 2619   9.655212
001916 4775   20.108272
001917 2079   7.648389
001918 321    0.897196
001919 8315   28.018280
001920 3929   13.782896
001921 1279   6.922596
001922 43     0.302326
001923 5137   18.464863
001924 41     0.341463
001925 321    1.236760
001926 3497   12.126394
001927 649    2.063174
001928 4297   15.599721
001929 6829   27.117733
001930 1775   5.752113
001931 477    1.289308
001932 417    1.743405
001933 33     0.242424
001934 1147   6.243243
001935 739    1.581867
001936 67     0.402985
001937 1547   7.151907
001938 391    1.033248
001939 51     0.313725
001940 65     0.353846
001941 5269   20.765800
001942 43     0.348837
001943 115    0.582609
001944 527    1.438330
001945 315    1.031746
001946 273    0.673993
001947 10689  39.223875
001948 1983   6.578417
001949 545    1.601835
001950 187    1.048128
001951 53     0.283019
001952 1315   6.149810
001953 3277   13.935307
001954 247    0.902834
001955 89     0.393258
001956 4071   16.410219
001957 85     0.694118
001958 47     0.553191
001959 223    0.663677
001960 81     0.469136
001961 413    1.864407
001962 147    0.775510
001963 1291   6.672347
001964 33     0.272727
001965 6217   25.056297
001966 85     0.482353
001967 3625   14.199172
001968 221    0.751131
001969 51     0.313725
001970 9897   36.442255
001971 8583   34.332052
001972 63     0.412698
001973 2199   7.562528
001974 1009   4.614470
001975 789    2.411914
001976 39     0.230769
001977 457    0.929978
001978 37     0.324324
001979 101    0.663366
001980 9685   36.950026
001981 45     0.377778
001982 4625   17.367568
001983 165    0.648485
001984 3307   11.579982
001985 763    2.520315
001986 107    0.439252
001987 33     0.333333
001988 547    1.310786
001989 121    0.471074
001990 10781  45.517670
001991 1731   5.701906
001992 963    3.036345
001993 111    0.531532
001994 137    0.620438
001995 61     0.688525
001996 1787   6.627308
001997 5363   20.036547
001998 3679   10.744496
001999 225    0.733333
