000000 463391 2.196497
000001 127    0.283465
000002 61837  0.725100
000003 45     0.311111
000004 173    0.231214
000005 415677 1.748302
000006 1183   0.210482
000007 2279   0.224660
000008 891    0.234568
000009 17789  0.516780
000010 382135 1.533291
000011 22071  0.556930
000012 263773 1.197689
000013 10945  0.564641
000014 442043 1.870316
000015 197197 1.465458
000016 3641   0.294974
000017 642775 2.304917
000018 173197 1.008903
000019 6293   0.206579
000020 36131  0.620575
000021 502381 1.907001
000022 4293   0.192872
000023 35     0.257143
000024 32693  0.574618
000025 417    0.194245
000026 813    0.225092
000027 407    0.189189
000028 50787  0.675389
000029 1024265 3.091695
000030 1669   0.248652
000031 59695  0.668163
000032 9511   0.491431
000033 947    0.187962
000034 76303  0.674167
000035 41     0.268293
000036 7701   0.449162
000037 502027 1.767264
000038 81     0.320988
000039 287    0.240418
000040 2041   0.239588
000041 455679 1.655330
000042 1093   0.213175
000043 6549   0.189800
000044 272063 1.224040
000045 14847  0.513504
000046 204283 1.042343
000047 605009 2.037942
000048 8857   0.471266
000049 21711  0.550274
000050 153183 0.911211
000051 80809  0.653170
000052 2341   0.185391
000053 125    0.216000
000054 213    0.201878
000055 471405 1.787998
000056 971761 2.882028
000057 2563   0.196254
000058 27815  0.573575
000059 71365  0.700918
000060 1013   0.219151
000061 97513  0.745901
000062 87609  0.752594
000063 39     0.717949
000064 720181 2.366390
000065 642823 2.115315
000066 315211 1.330610
000067 646439 2.111703
000068 1821   0.232290
000069 35969  0.644666
000070 56525  0.631207
000071 3145   0.239110
000072 4723   0.185899
000073 12679  0.558009
000074 14007  0.535661
000075 8409   0.454751
000076 657427 2.114725
000077 129    0.263566
000078 1511   0.207148
000079 71009  0.693292
000080 137    0.211679
000081 699    0.206009
000082 43257  0.616131
000083 219    0.210046
000084 113    0.415929
000085 7699   0.427198
000086 1083833 3.114909
000087 26789  0.520214
000088 129    0.209302
000089 1903   0.212822
000090 273563 1.229223
000091 292067 1.251689
000092 39235  0.637416
000093 88699  0.734698
000094 37     0.324324
000095 110493 0.820432
000096 5895   0.225106
000097 202431 1.097925
000098 20551  0.501095
000099 171    0.251462
000100 24541  0.571289
000101 58545  0.705884
000102 2711   0.230911
000103 253    0.284585
000104 1141   0.232252
000105 39981  0.681699
000106 21315  0.519775
000107 70503  0.676624
000108 228529 1.177912
000109 375    0.298667
000110 189    0.222222
000111 33755  0.615020
000112 154233 0.979998
000113 381    0.228346
000114 661573 2.130568
000115 1195   0.196653
000116 7197   0.338891
000117 87     0.229885
000118 1923   0.187207
000119 28737  0.642238
000120 49     0.285714
000121 293    0.232082
000122 747571 2.357030
000123 111    0.261261
000124 3213   0.218487
000125 2641   0.210148
000126 2997   0.251585
000127 355    0.228169
000128 47     0.255319
000129 97     0.298969
000130 387    0.206718
000131 25247  0.559750
000132 9143   0.491414
000133 22729  0.541951
000134 604843 2.010715
000135 4041   0.188072
000136 917319 2.712318
000137 29649  0.530878
000138 43     0.255814
000139 130847 0.863474
000140 644191 2.097134
000141 18059  0.461321
000142 3637   0.184218
000143 17025  0.475242
000144 9903   0.524589
000145 51297  0.690586
000146 29911  0.520945
000147 485847 1.736448
000148 679    0.210604
000149 375    0.200000
000150 2731   0.207982
000151 4575   0.195410
000152 279685 1.241343
000153 129    0.263566
000154 6221   0.195467
000155 815    0.187730
000156 409    0.188264
000157 103    0.213592
000158 483885 1.736894
000159 39     0.333333
000160 25523  0.581711
000161 1503   0.186294
000162 46923  0.640134
000163 594159 2.117258
000164 13059  0.545830
000165 525163 1.869435
000166 73     0.315068
000167 669    0.263079
000168 115    0.234783
000169 484359 1.835872
000170 675    0.201481
000171 89     0.393258
000172 170683 1.086658
000173 86927  0.740564
000174 314669 1.445484
000175 211    0.246445
000176 14647  0.569263
000177 2171   0.192077
000178 984893 3.113427
000179 560407 2.065526
000180 388367 1.681834
000181 65     0.292308
000182 5145   0.252284
000183 11469  0.622112
000184 435451 1.806649
000185 6311   0.245761
000186 1917   0.205529
000187 78441  0.782371
000188 51     0.294118
000189 499    0.298597
000190 187325 1.070930
000191 179    0.262570
000192 8003   0.501812
000193 84771  0.784006
000194 18845  0.528734
000195 65751  0.774483
000196 77     0.337662
000197 24795  0.662150
000198 211    0.469194
000199 7839   0.491262
000200 7013   0.422786
000201 1637   0.212584
000202 33     0.272727
000203 37     0.297297
000204 959147 3.080735
000205 55061  0.628576
000206 3491   0.199943
000207 33     0.333333
000208 415777 1.700270
000209 458007 1.804645
000210 1367   0.198976
000211 90465  0.767711
000212 32359  0.565592
000213 212417 1.074580
000214 13983  0.572624
000215 301    0.209302
000216 200225 1.075770
000217 83     0.301205
000218 35     0.428571
000219 435    0.229885
000220 383    0.195822
000221 651    0.188940
000222 103    0.242718
000223 123    0.235772
000224 22943  0.585538
000225 52519  0.652526
000226 280769 1.320733
000227 4887   0.198077
000228 305    0.242623
000229 734541 2.510512
000230 279    0.326165
000231 40015  0.696414
000232 247303 1.201385
000233 4273   0.200796
000234 51     0.274510
000235 141525 0.942462
000236 942301 2.937661
000237 31013  0.539903
000238 11675  0.624668
000239 1285   0.238911
000240 71495  0.732471
000241 6965   0.357502
000242 6135   0.186471
000243 65     0.246154
000244 1485   0.284175
000245 26309  0.578053
000246 44771  0.658931
000247 41     0.292683
000248 14363  0.617907
000249 61     0.245902
000250 366365 1.540843
000251 401    0.254364
000252 20707  0.529145
000253 605    0.200000
000254 2081   0.203268
000255 11843  0.581947
000256 37983  0.689967
000257 102165 0.809015
000258 71     0.295775
000259 3313   0.197102
000260 460551 1.729997
000261 73     0.273973
000262 309    0.207120
000263 22893  0.564146
000264 56181  0.644275
000265 50943  0.694364
000266 20835  0.497576
000267 226167 1.134945
000268 819    0.219780
000269 4069   0.190710
000270 42317  0.624926
000271 8065   0.461996
000272 10187  0.508884
000273 117    0.239316
000274 636415 2.078240
000275 201471 1.054464
000276 65     0.553846
000277 75     0.413333
000278 27987  0.546468
000279 203    0.221675
000280 77187  0.679804
000281 1131   0.197171
000282 24481  0.561415
000283 1001099 3.027178
000284 42647  0.635566
000285 35339  0.645406
000286 1393   0.221823
000287 413    0.188862
000288 2817   0.214412
000289 58367  0.664519
000290 279777 1.293988
000291 601319 2.078160
000292 25287  0.555266
000293 489    0.222904
000294 679    0.245950
000295 789    0.214195
000296 213417 1.113262
000297 99     0.282828
000298 111    0.261261
000299 57215  0.722713
000300 217609 1.136617
000301 166339 0.966995
000302 525    0.234286
000303 237    0.219409
000304 844035 2.598345
000305 4207   0.206085
000306 126459 0.891672
000307 103915 0.847337
000308 4453   0.219627
000309 45065  0.653523
000310 31243  0.604775
000311 27977  0.609036
000312 111    0.225225
000313 165    0.224242
000314 241    0.232365
000315 23809  0.640220
000316 259    0.312741
000317 105    0.400000
000318 23601  0.622770
000319 94031  0.823090
000320 55     0.600000
000321 1879   0.199574
000322 67     0.253731
000323 1285   0.211673
000324 2755   0.198185
000325 11899  0.564417
000326 73873  0.739052
000327 447    0.246085
000328 839321 2.515538
000329 221241 1.101197
000330 213495 1.081140
000331 277    0.238267
000332 11663  0.604304
000333 6089   0.191986
000334 23965  0.551846
000335 53389  0.661335
000336 203    0.216749
000337 481    0.311850
000338 35     0.285714
000339 106199 0.800441
000340 633919 2.137488
000341 45     0.688889
000342 17591  0.545734
000343 79985  0.722485
000344 27277  0.566411
000345 540415 1.887990
000346 2249   0.198310
000347 487    0.188912
000348 254491 1.156929
000349 91111  0.743730
000350 331    0.305136
000351 451    0.197339
000352 207    0.198068
000353 209    0.196172
000354 777    0.189189
000355 2455   0.187780
000356 2309   0.210481
000357 3381   0.199645
000358 35     0.457143
000359 6649   0.195669
000360 93     0.215054
000361 73     0.232877
000362 4781   0.271910
000363 498513 1.787261
000364 15177  0.534229
000365 132901 0.900038
000366 1167559 3.211279
000367 32277  0.546209
000368 97     0.216495
000369 22795  0.526168
000370 70293  0.685716
000371 235    0.208511
000372 1009163 2.936518
000373 47     0.659574
000374 2985   0.269347
000375 705    0.218440
000376 478421 1.709831
000377 209    0.244019
000378 5379   0.191114
000379 2857   0.186209
000380 567495 1.918847
000381 3367   0.219483
000382 33     0.272727
000383 705    0.276596
000384 1825   0.189589
000385 135    0.207407
000386 271    0.265683
000387 626867 2.064581
000388 623    0.260032
000389 915317 2.763840
000390 172599 0.992491
000391 2845   0.190861
000392 289    0.193772
000393 59561  0.678330
000394 675419 2.174914
000395 53153  0.607115
000396 385    0.194805
000397 4213   0.213862
000398 57393  0.637552
000399 135    0.214815
000400 307    0.254072
000401 76621  0.716135
000402 3919   0.221485
000403 144125 0.883011
000404 81     0.296296
000405 439731 1.632971
000406 731    0.207934
000407 23209  0.538067
000408 26563  0.531529
000409 705689 2.335233
000410 14937  0.514561
000411 53     0.226415
000412 9725   0.534602
000413 22097  0.556727
000414 40597  0.657019
000415 441605 1.752702
000416 527    0.233397
000417 99     0.222222
000418 183    0.196721
000419 6855   0.192560
000420 37     0.270270
000421 117973 0.852263
000422 49     0.326531
000423 149    0.234899
000424 1933   0.218314
000425 231265 1.081941
000426 51     0.294118
000427 20059  0.474201
000428 2207   0.185773
000429 10545  0.584542
000430 374219 1.545413
000431 692709 2.287162
000432 61     0.295082
000433 2525   0.254653
000434 93     0.236559
000435 300831 1.416952
000436 17495  0.460817
000437 4101   0.186296
000438 387    0.191214
000439 198003 1.044661
000440 4389   0.212121
000441 197819 1.070832
000442 1941   0.204019
000443 50785  0.680339
000444 55     0.254545
000445 14573  0.548892
000446 1146851 3.472633
000447 337    0.243323
000448 445    0.204494
000449 77     0.246753
000450 185    0.216216
000451 1535   0.237785
000452 31769  0.586610
000453 23173  0.603288
000454 97957  0.846086
000455 703621 2.324642
000456 10151  0.508915
000457 2919   0.236040
000458 1007   0.193644
000459 6777   0.201417
000460 107    0.224299
000461 57     0.245614
000462 515439 1.878224
000463 249    0.232932
000464 49     0.244898
000465 633    0.238547
000466 4731   0.218770
000467 25421  0.585854
000468 974115 2.955294
000469 39     0.358974
000470 6297   0.223122
000471 1439   0.257123
000472 75     0.266667
000473 733851 2.428447
000474 5171   0.221234
000475 227    0.211454
000476 5689   0.222183
000477 3721   0.201290
000478 4111   0.200438
000479 1545   0.200000
000480 183311 1.099656
000481 9433   0.539807
000482 141681 0.946302
000483 102861 0.827291
000484 65     0.292308
000485 111    0.234234
000486 4577   0.213459
000487 199    0.211055
000488 285    0.207018
000489 137    0.218978
000490 12463  0.593998
000491 487    0.197125
000492 623    0.192616
000493 121745 0.892472
000494 379743 1.549993
000495 41057  0.631585
000496 8543   0.480042
000497 970309 3.310576
000498 108319 0.890010
000499 3281   0.208778
000500 59     0.237288
000501 5459   0.208646
000502 99     0.232323
000503 53     0.245283
000504 33     0.272727
000505 367491 1.591334
000506 153927 0.984538
000507 56135  0.695395
000508 431    0.262181
000509 1003501 3.433189
000510 375687 1.677410
000511 401    0.226933
000512 97     0.216495
000513 12951  0.542661
000514 1331   0.214876
000515 81765  0.740989
000516 305891 1.290208
000517 1629   0.193370
000518 716217 2.592073
000519 210259 1.118815
000520 187    0.251337
000521 20703  0.527943
000522 2411   0.201161
000523 467    0.199143
000524 129    0.217054
000525 279    0.207885
000526 583    0.204117
000527 22271  0.541826
000528 375    0.197333
000529 893    0.201568
000530 140749 0.951247
000531 882877 2.791384
000532 189    0.269841
000533 269    0.223048
000534 67     0.253731
000535 1583   0.216677
000536 27689  0.652064
000537 1355   0.210332
000538 30533  0.588314
000539 2989   0.245567
000540 9001   0.527164
000541 23187  0.621124
000542 469    0.206823
000543 2299   0.226620
000544 107    0.364486
000545 289    0.204152
000546 69     0.231884
000547 538749 1.930094
000548 571013 1.977845
000549 36861  0.665582
000550 16701  0.509431
000551 203579 1.067959
000552 111    0.261261
000553 65099  0.756386
000554 542645 1.848516
000555 1403   0.213828
000556 31267  0.592414
000557 749613 2.456079
000558 175185 1.075577
000559 436649 1.612547
000560 53     0.452830
000561 10047  0.536578
000562 63083  0.761283
000563 4419   0.202082
000564 13409  0.546200
000565 5483   0.252781
000566 10243  0.576491
000567 1895   0.222164
000568 186793 1.065768
000569 261973 1.236933
000570 296415 1.356527
000571 60945  0.707589
000572 711    0.199719
000573 57     0.228070
000574 5017   0.212876
000575 1225   0.220408
000576 297    0.202020
000577 5115   0.197654
000578 69     0.231884
000579 2263   0.215643
000580 186361 1.055172
000581 347    0.250720
000582 18563  0.515111
000583 6043   0.200397
000584 633125 2.164162
000585 107    0.271028
000586 65141  0.756528
000587 57     0.263158
000588 585675 2.047106
000589 15139  0.516018
000590 1407   0.189765
000591 75     0.240000
000592 1597   0.194114
000593 747    0.192771
000594 3791   0.193616
000595 585    0.193162
000596 165861 0.969161
000597 151    0.264901
000598 3891   0.246723
000599 42345  0.647963
000600 57     0.543860
000601 273    0.260073
000602 563899 1.966052
000603 16723  0.574658
000604 1180279 3.433820
000605 807    0.198265
000606 339309 1.385637
000607 32607  0.565093
000608 201    0.288557
000609 67     0.238806
000610 13859  0.560935
000611 770377 2.608570
000612 5269   0.215980
000613 152441 0.882846
000614 47     0.297872
000615 57     0.245614
000616 247129 1.151581
000617 751    0.213049
000618 127    0.330709
000619 3285   0.220091
000620 7675   0.425016
000621 1473   0.217923
000622 1865   0.198928
000623 153    0.228758
000624 30993  0.553932
000625 354171 1.423688
000626 6685   0.196709
000627 2151   0.231985
000628 876071 2.670535
000629 3153   0.210910
000630 66577  0.704808
000631 157    0.216561
000632 320823 1.388601
000633 17677  0.505855
000634 6197   0.239309
000635 3709   0.194392
000636 178651 1.037761
000637 10201  0.525831
000638 73     0.246575
000639 231    0.199134
000640 137229 0.927486
000641 95     0.421053
000642 39     0.641026
000643 8797   0.562123
000644 3329   0.227996
000645 350971 1.514441
000646 150643 0.894499
000647 347761 1.467816
000648 149637 1.234962
000649 191    0.376963
000650 241    0.315353
000651 39883  1.041296
000652 145    0.351724
000653 1014217 2.979661
000654 978631 3.558707
000655 81     0.271605
000656 3609   0.213078
000657 109201 0.836751
000658 7031   0.354999
000659 876139 2.760221
000660 24037  0.862878
000661 45     0.377778
000662 495    0.406061
000663 1103   0.308250
000664 2991   0.292879
000665 7625   0.699410
000666 24747  0.875056
000667 6699   0.337215
000668 595    0.386555
000669 50999  1.306202
000670 37     0.486486
000671 219    0.447489
000672 41     0.341463
000673 3123   0.316683
000674 537    0.299814
000675 791299 2.484795
000676 6505   0.190315
000677 61027  0.673177
000678 185999 1.023549
000679 168729 0.993967
000680 557751 1.857574
000681 30079  0.557266
000682 67     0.238806
000683 13399  0.527502
000684 243    0.304527
000685 239545 1.121781
000686 6037   0.208050
000687 1119   0.199285
000688 17209  0.477831
000689 634191 2.124779
000690 3751   0.217275
000691 905    0.198895
000692 137    0.211679
000693 4345   0.232681
000694 458295 1.692268
000695 51359  0.687319
000696 127    0.212598
000697 37     0.270270
000698 115    0.269565
000699 16417  0.500822
000700 1385   0.220217
000701 153    0.202614
000702 19811  0.487154
000703 113433 0.844252
000704 49     0.285714
000705 12587  0.597760
000706 101    0.227723
000707 6949   0.327817
000708 559    0.196780
000709 1048113 2.984677
000710 443691 1.645557
000711 83     0.289157
000712 173369 1.013595
000713 9819   0.527039
000714 1237   0.188359
000715 1223   0.214227
000716 41     0.243902
000717 75587  0.712067
000718 982411 2.939577
000719 781    0.221511
000720 432201 1.823605
000721 239387 1.192525
000722 757    0.210040
000723 802421 2.695305
000724 969    0.234262
000725 21095  0.534202
000726 150787 0.919887
000727 3247   0.261164
000728 7311   0.374231
000729 71     0.239437
000730 531141 1.958196
000731 1927   0.265698
000732 1171   0.216055
000733 475    0.218947
000734 35331  0.720953
000735 2423   0.217912
000736 4483   0.217934
000737 1375   0.237818
000738 56743  0.750366
000739 2675   0.228037
000740 919    0.207835
000741 45     0.266667
000742 1949   0.207799
000743 305685 1.405067
000744 193    0.264249
000745 5823   0.232354
000746 1048635 3.205041
000747 501471 1.903580
000748 16963  0.515829
000749 319    0.210031
000750 317    0.205047
000751 41     0.390244
000752 79863  0.739992
000753 41137  0.649756
000754 62213  0.784161
000755 10379  0.792369
000756 63     0.333333
000757 6019   0.275793
000758 115    0.321739
000759 59     0.355932
000760 905    0.277348
000761 1367   0.281639
000762 8911   0.776344
000763 531    0.406780
000764 23047  0.888836
000765 26511  0.835766
000766 89103  1.199017
000767 44769  0.974402
000768 79     0.316456
000769 81     0.308642
000770 4395   0.294198
000771 5271   0.298425
000772 55     0.363636
000773 551    0.375681
000774 1573   0.298792
000775 52953  1.095726
000776 1047253 3.411128
000777 30517  0.545925
000778 259451 1.199344
000779 2221   0.211616
000780 6039   0.206822
000781 2203   0.243305
000782 3009   0.201728
000783 8105   0.450709
000784 9137   0.496334
000785 326111 1.412725
000786 6061   0.203597
000787 55     0.236364
000788 249503 1.222322
000789 682349 2.284702
000790 495    0.248485
000791 469    0.223881
000792 1383   0.201012
000793 57     0.263158
000794 18441  0.487067
000795 14259  0.578652
000796 819677 2.610872
000797 63     0.269841
000798 74865  0.720457
000799 10815  0.555895
000800 29539  0.563526
000801 14013  0.550132
000802 195    0.210256
000803 59     0.254237
000804 47089  0.673384
000805 795715 2.767108
000806 116075 0.867663
000807 3599   0.224229
000808 57639  0.698468
000809 16937  0.512074
000810 4385   0.200456
000811 1697   0.202121
000812 31399  0.557120
000813 143    0.363636
000814 357    0.201681
000815 8391   0.464545
000816 129    0.224806
000817 11389  0.536922
000818 66085  1.126247
000819 149305 1.529955
000820 4945   0.303539
000821 31091  0.846740
000822 57     0.350877
000823 90049  1.129985
000824 4981   0.260590
000825 95     0.221053
000826 7153   0.406683
000827 231411 1.152508
000828 712455 2.649690
000829 455793 2.223345
000830 9219   0.764508
000831 205    0.453659
000832 665    0.327820
000833 26039  0.866623
000834 341    0.293255
000835 470683 1.843631
000836 2091   0.195122
000837 18455  0.485559
000838 3645   0.208779
000839 180335 1.060399
000840 3039   0.243172
000841 687    0.240175
000842 40135  0.654391
000843 63     0.253968
000844 609    0.264368
000845 184049 1.011448
000846 105    0.257143
000847 1015   0.244335
000848 5153   0.201436
000849 1183439 3.377343
000850 29069  0.572844
000851 941239 2.799778
000852 499451 1.830962
000853 699    0.220315
000854 905    0.201105
000855 63181  0.732989
000856 27493  0.540501
000857 2067   0.193033
000858 456147 1.674401
000859 126375 0.887929
000860 4535   0.226240
000861 1087709 3.139061
000862 1333   0.210053
000863 941    0.188098
000864 12061  0.544399
000865 1073327 3.208876
000866 825    0.212121
000867 315955 1.436160
000868 12277  0.595830
000869 4485   0.233445
000870 137    0.328467
000871 3295   0.250986
000872 987    0.199595
000873 497    0.205231
000874 779    0.200257
000875 102953 0.847338
000876 79     0.316456
000877 157    0.222930
000878 23097  0.589470
000879 2175   0.202299
000880 579433 2.060507
000881 83     0.289157
000882 167    0.227545
000883 93789  0.793856
000884 541    0.223660
000885 14967  0.563573
000886 65501  0.783896
000887 1041   0.214217
000888 2701   0.198815
000889 109    0.220183
000890 29555  0.594417
000891 282399 1.323486
000892 571    0.231173
000893 10643  0.557174
000894 3051   0.213045
000895 95     0.221053
000896 63     0.507937
000897 22061  0.558633
000898 404657 1.643797
000899 16359  0.522465
000900 188039 1.072543
000901 877    0.239453
000902 708401 2.439982
000903 2341   0.265271
000904 112267 0.889451
000905 593905 2.084641
000906 355    0.247887
000907 374543 1.507875
000908 53     0.320755
000909 19739  0.486144
000910 69     0.260870
000911 134373 1.405773
000912 37507  0.999627
000913 8617   0.760125
000914 187957 1.022138
000915 459    0.224401
000916 539    0.230056
000917 11535  0.544083
000918 51     0.254902
000919 186255 1.034109
000920 35671  0.610160
000921 18167  0.479991
000922 7453   0.396753
000923 289    0.193772
000924 2579   0.188057
000925 2133   0.191749
000926 23211  0.537978
000927 3109   0.241557
000928 824469 2.517636
000929 4517   0.198362
000930 629509 2.049443
000931 32309  0.604940
000932 373761 1.607624
000933 13627  0.535775
000934 33     0.303030
000935 79885  0.696852
000936 10835  0.592063
000937 111    0.225225
000938 13841  0.598295
000939 227    0.220264
000940 239707 1.164484
000941 4865   0.205755
000942 25799  0.561688
000943 71     0.239437
000944 91     0.219780
000945 153    0.248366
000946 40241  0.653065
000947 91     0.230769
000948 1113   0.201258
000949 8945   0.477362
000950 131    0.290076
000951 1491   0.206573
000952 4099   0.217858
000953 1091885 3.403815
000954 227747 1.181201
000955 13625  0.573211
000956 65     0.261538
000957 1555   0.212862
000958 53     0.264151
000959 43     0.279070
000960 3127   0.201151
000961 73909  0.762383
000962 997585 3.968825
000963 35     0.342857
000964 28819  0.619973
000965 5461   0.204541
000966 60893  0.752057
000967 1375   0.211636
000968 144813 1.000207
000969 20925  0.607838
000970 251    0.262948
000971 410659 1.655529
000972 161    0.254658
000973 81     0.234568
000974 329    0.282675
000975 7803   0.450596
000976 123    0.211382
000977 16891  0.501687
000978 135477 0.862744
000979 173    0.236994
000980 5539   0.191370
000981 131    0.229008
000982 2661   0.187899
000983 287859 1.325718
000984 43463  0.612820
000985 2859   0.191675
000986 79161  0.693814
000987 3533   0.224172
000988 650791 2.204805
000989 25435  0.587733
000990 25925  0.566943
000991 111    0.216216
000992 121    0.214876
000993 18129  0.464118
000994 53     0.245283
000995 1189   0.265770
000996 1045199 3.082316
000997 75     0.280000
000998 2453   0.191194
000999 71     0.225352
