000000 463391 1.578207
000001 127    0.157480
000002 61837  0.489917
000003 45     0.288889
000004 173    0.144509
000005 415677 1.330040
000006 1183   0.124260
000007 2279   0.111452
000008 891    0.107744
000009 17789  0.400135
000010 382135 1.322588
000011 22071  0.358298
000012 263773 1.004041
000013 10945  0.332024
000014 442043 1.435270
000015 197197 0.784155
000016 3641   0.113705
000017 642775 1.857028
000018 173197 0.772536
000019 6293   0.109328
000020 36131  0.339736
000021 502381 1.662804
000022 4293   0.108782
000023 35     0.171429
000024 32693  0.354632
000025 417    0.131894
000026 813    0.110701
000027 407    0.120393
000028 50787  0.365054
000029 1024265 2.661029
000030 1669   0.131815
000031 59695  0.503878
000032 9511   0.190096
000033 947    0.117212
000034 76303  0.531644
000035 41     0.243902
000036 7701   0.182704
000037 502027 1.494133
000038 81     0.234568
000039 287    0.135889
000040 2041   0.111220
000041 455679 1.424525
000042 1093   0.117109
000043 6549   0.108108
000044 272063 0.990208
000045 14847  0.301744
000046 204283 0.837696
000047 605009 1.713776
000048 8857   0.180874
000049 21711  0.398876
000050 153183 0.768258
000051 80809  0.571830
000052 2341   0.234515
000053 125    0.136000
000054 213    0.305164
000055 471405 1.456542
000056 971761 2.451391
000057 2563   0.111588
000058 27815  0.369693
000059 71365  0.628670
000060 1013   0.118460
000061 97513  0.539897
000062 87609  0.498328
000063 39     0.230769
000064 720181 1.949828
000065 642823 1.756424
000066 315211 1.085844
000067 646439 1.810638
000068 1821   0.116969
000069 35969  0.485307
000070 56525  0.419266
000071 3145   0.114149
000072 4723   0.109464
000073 12679  0.307911
000074 14007  0.313629
000075 8409   0.176715
000076 657427 1.876779
000077 129    0.162791
000078 1511   0.115817
000079 71009  0.725415
000080 137    0.233577
000081 699    0.296137
000082 43257  0.390457
000083 219    0.141553
000084 113    0.159292
000085 7699   0.278088
000086 1083833 2.661583
000087 26789  0.295233
000088 129    0.147287
000089 1903   0.176038
000090 273563 1.003407
000091 292067 0.993618
000092 39235  0.304524
000093 88699  0.577943
000094 37     0.243243
000095 110493 0.559203
000096 5895   0.116709
000097 202431 0.836522
000098 20551  0.309085
000099 171    0.128655
000100 24541  0.338006
000101 58545  0.475788
000102 2711   0.142752
000103 253    0.122530
000104 1141   0.111306
000105 39981  0.381706
000106 21315  0.465728
000107 70503  0.487242
000108 228529 0.899523
000109 375    0.314667
000110 189    0.158730
000111 33755  0.310561
000112 154233 0.716053
000113 381    0.131234
000114 661573 1.830758
000115 1195   0.116318
000116 7197   0.150896
000117 87     0.229885
000118 1923   0.162767
000119 28737  0.354004
000120 49     0.448980
000121 293    0.290102
000122 747571 1.988919
000123 111    0.162162
000124 3213   0.112667
000125 2641   0.127982
000126 2997   0.114448
000127 355    0.118310
000128 47     0.170213
000129 97     0.185567
000130 387    0.209302
000131 25247  0.332237
000132 9143   0.205403
000133 22729  0.319460
000134 604843 1.779531
000135 4041   0.180401
000136 917319 2.443304
000137 29649  0.293163
000138 43     0.209302
000139 130847 0.666297
000140 644191 1.801317
000141 18059  0.288831
000142 3637   0.114380
000143 17025  0.328458
000144 9903   0.243865
000145 51297  0.360119
000146 29911  0.303333
000147 485847 1.535113
000148 679    0.151694
000149 375    0.128000
000150 2731   0.110582
000151 4575   0.114098
000152 279685 1.039309
000153 129    0.162791
000154 6221   0.113004
000155 815    0.128834
000156 409    0.122249
000157 103    0.165049
000158 483885 1.508480
000159 39     0.230769
000160 25523  0.365396
000161 1503   0.111776
000162 46923  0.424674
000163 594159 1.697214
000164 13059  0.303392
000165 525163 1.607015
000166 73     0.219178
000167 669    0.134529
000168 115    0.139130
000169 484359 1.478705
000170 675    0.320000
000171 89     0.393258
000172 170683 0.778976
000173 86927  0.591899
000174 314669 1.098872
000175 211    0.151659
000176 14647  0.290981
000177 2171   0.108245
000178 984893 2.508161
000179 560407 1.738438
000180 388367 1.285982
000181 65     0.200000
000182 5145   0.125170
000183 11469  0.564478
000184 435451 1.367013
000185 6311   0.113294
000186 1917   0.155973
000187 78441  0.534580
000188 51     0.235294
000189 499    0.134269
000190 187325 0.878804
000191 179    0.162011
000192 8003   0.172435
000193 84771  0.589931
000194 18845  0.506872
000195 65751  0.462320
000196 77     0.194805
000197 24795  0.358822
000198 211    0.137441
000199 7839   0.174767
000200 7013   0.143590
000201 1637   0.114233
000202 33     0.212121
000203 37     0.216216
000204 959147 2.455039
000205 55061  0.335791
000206 3491   0.113435
000207 33     0.181818
000208 415777 1.357673
000209 458007 1.439812
000210 1367   0.118508
000211 90465  0.563279
000212 32359  0.374641
000213 212417 0.909362
000214 13983  0.404062
000215 301    0.136213
000216 200225 0.849849
000217 83     0.493976
000218 35     0.228571
000219 435    0.128736
000220 383    0.250653
000221 651    0.221198
000222 103    0.145631
000223 123    0.138211
000224 22943  0.394935
000225 52519  0.453417
000226 280769 1.050340
000227 4887   0.111520
000228 305    0.255738
000229 734541 2.000839
000230 279    0.143369
000231 40015  0.327177
000232 247303 1.038851
000233 4273   0.183244
000234 51     0.215686
000235 141525 0.752192
000236 942301 2.426646
000237 31013  0.283107
000238 11675  0.319914
000239 1285   0.114397
000240 71495  0.521267
000241 6965   0.174444
000242 6135   0.122575
000243 65     0.169231
000244 1485   0.112458
000245 26309  0.302900
000246 44771  0.366130
000247 41     0.658537
000248 14363  0.302235
000249 61     0.377049
000250 366365 1.228425
000251 401    0.214464
000252 20707  0.340368
000253 605    0.125620
000254 2081   0.111004
000255 11843  0.317825
000256 37983  0.353237
000257 102165 0.526648
000258 71     0.169014
000259 3313   0.125566
000260 460551 1.445497
000261 73     0.191781
000262 309    0.142395
000263 22893  0.357970
000264 56181  0.386074
000265 50943  0.366959
000266 20835  0.305544
000267 226167 0.893260
000268 819    0.123321
000269 4069   0.230032
000270 42317  0.381478
000271 8065   0.162926
000272 10187  0.192108
000273 117    0.145299
000274 636415 1.782387
000275 201471 0.759429
000276 65     0.184615
000277 75     0.133333
000278 27987  0.303748
000279 203    0.325123
000280 77187  0.572726
000281 1131   0.115827
000282 24481  0.323353
000283 1001099 2.521718
000284 42647  0.309471
000285 35339  0.432185
000286 1393   0.221106
000287 413    0.118644
000288 2817   0.111821
000289 58367  0.389689
000290 279777 0.971163
000291 601319 1.691651
000292 25287  0.295844
000293 489    0.126789
000294 679    0.123711
000295 789    0.126743
000296 213417 0.909660
000297 99     0.181818
000298 111    0.144144
000299 57215  0.544770
000300 217609 0.810500
000301 166339 0.716765
000302 525    0.123810
000303 237    0.135021
000304 844035 2.181998
000305 4207   0.113620
000306 126459 0.588626
000307 103915 0.570062
000308 4453   0.112284
000309 45065  0.344991
000310 31243  0.292353
000311 27977  0.346999
000312 111    0.162162
000313 165    0.139394
000314 241    0.128631
000315 23809  0.309421
000316 259    0.138996
000317 105    0.142857
000318 23601  0.329859
000319 94031  0.515107
000320 55     0.200000
000321 1879   0.156998
000322 67     0.164179
000323 1285   0.113619
000324 2755   0.119419
000325 11899  0.351122
000326 73873  0.559975
000327 447    0.192394
000328 839321 2.123994
000329 221241 0.844988
000330 213495 0.818577
000331 277    0.140794
000332 11663  0.368344
000333 6089   0.127279
000334 23965  0.326601
000335 53389  0.359325
000336 203    0.152709
000337 481    0.126819
000338 35     0.200000
000339 106199 0.545994
000340 633919 1.756235
000341 45     0.222222
000342 17591  0.316412
000343 79985  0.508170
000344 27277  0.403710
000345 540415 1.581403
000346 2249   0.111605
000347 487    0.108830
000348 254491 0.944918
000349 91111  0.581752
000350 331    0.135952
000351 451    0.121951
000352 207    0.115942
000353 209    0.354067
000354 777    0.117117
000355 2455   0.186151
000356 2309   0.108705
000357 3381   0.164153
000358 35     0.171429
000359 6649   0.122575
000360 93     0.129032
000361 73     0.164384
000362 4781   0.109391
000363 498513 1.524552
000364 15177  0.396653
000365 132901 0.616323
000366 1167559 2.768722
000367 32277  0.291539
000368 97     0.206186
000369 22795  0.313095
000370 70293  0.478682
000371 235    0.144681
000372 1009163 2.510723
000373 47     0.212766
000374 2985   0.110888
000375 705    0.120567
000376 478421 1.447554
000377 209    0.196172
000378 5379   0.128463
000379 2857   0.204410
000380 567495 1.662723
000381 3367   0.110187
000382 33     0.181818
000383 705    0.129078
000384 1825   0.126575
000385 135    0.118519
000386 271    0.136531
000387 626867 1.752772
000388 623    0.128411
000389 915317 2.360219
000390 172599 0.729969
000391 2845   0.196837
000392 289    0.121107
000393 59561  0.468125
000394 675419 1.856341
000395 53153  0.331816
000396 385    0.135065
000397 4213   0.112034
000398 57393  0.475023
000399 135    0.155556
000400 307    0.146580
000401 76621  0.502813
000402 3919   0.113294
000403 144125 0.727147
000404 81     0.209877
000405 439731 1.324571
000406 731    0.119015
000407 23209  0.294886
000408 26563  0.309340
000409 705689 1.924642
000410 14937  0.608489
000411 53     0.150943
000412 9725   0.196607
000413 22097  0.522605
000414 40597  0.321280
000415 441605 1.342965
000416 527    0.127135
000417 99     0.131313
000418 183    0.131148
000419 6855   0.111597
000420 37     0.216216
000421 117973 0.567596
000422 49     0.306122
000423 149    0.208054
000424 1933   0.194516
000425 231265 0.915223
000426 51     0.215686
000427 20059  0.359390
000428 2207   0.142275
000429 10545  0.309531
000430 374219 1.264850
000431 692709 1.863267
000432 61     0.196721
000433 2525   0.110495
000434 93     0.204301
000435 300831 1.033032
000436 17495  0.494370
000437 4101   0.223848
000438 387    0.118863
000439 198003 0.768796
000440 4389   0.111643
000441 197819 0.803442
000442 1941   0.111798
000443 50785  0.386275
000444 55     0.200000
000445 14573  0.306183
000446 1146851 2.744215
000447 337    0.142433
000448 445    0.125843
000449 77     0.142857
000450 185    0.135135
000451 1535   0.110749
000452 31769  0.361768
000453 23173  0.355284
000454 97957  0.521657
000455 703621 1.932748
000456 10151  0.312383
000457 2919   0.107914
000458 1007   0.127110
000459 6777   0.108898
000460 107    0.289720
000461 57     0.175439
000462 515439 1.567025
000463 249    0.144578
000464 49     0.346939
000465 633    0.123223
000466 4731   0.245191
000467 25421  0.382597
000468 974115 2.474218
000469 39     0.230769
000470 6297   0.121645
000471 1439   0.118138
000472 75     0.333333
000473 733851 2.041270
000474 5171   0.110037
000475 227    0.123348
000476 5689   0.170856
000477 3721   0.131954
000478 4111   0.202384
000479 1545   0.136570
000480 183311 0.750844
000481 9433   0.194212
000482 141681 0.733027
000483 102861 0.701714
000484 65     0.169231
000485 111    0.135135
000486 4577   0.112301
000487 199    0.276382
000488 285    0.129825
000489 137    0.131387
000490 12463  0.325925
000491 487    0.252567
000492 623    0.191011
000493 121745 0.548630
000494 379743 1.249671
000495 41057  0.373115
000496 8543   0.340630
000497 970309 2.442821
000498 108319 0.507990
000499 3281   0.118866
000500 59     0.186441
000501 5459   0.111559
000502 99     0.161616
000503 53     0.188679
000504 33     0.181818
000505 367491 1.247696
000506 153927 0.744704
000507 56135  0.478881
000508 431    0.134571
000509 1003501 2.466099
000510 375687 1.280297
000511 401    0.134663
000512 97     0.123711
000513 12951  0.417806
000514 1331   0.166792
000515 81765  0.599352
000516 305891 1.035045
000517 1629   0.111111
000518 716217 1.950486
000519 210259 0.772262
000520 187    0.149733
000521 20703  0.350915
000522 2411   0.114890
000523 467    0.139186
000524 129    0.124031
000525 279    0.125448
000526 583    0.121784
000527 22271  0.349872
000528 375    0.117333
000529 893    0.111982
000530 140749 0.637937
000531 882877 2.261989
000532 189    0.148148
000533 269    0.126394
000534 67     0.179104
000535 1583   0.120657
000536 27689  0.544151
000537 1355   0.115129
000538 30533  0.341925
000539 2989   0.109067
000540 9001   0.194756
000541 23187  0.307672
000542 469    0.119403
000543 2299   0.110483
000544 107    0.149533
000545 289    0.128028
000546 69     0.130435
000547 538749 1.580935
000548 571013 1.611764
000549 36861  0.304631
000550 16701  0.406742
000551 203579 0.785946
000552 111    0.180180
000553 65099  0.446843
000554 542645 1.604565
000555 1403   0.117605
000556 31267  0.340263
000557 749613 1.986002
000558 175185 0.737495
000559 436649 1.344961
000560 53     0.433962
000561 10047  0.193690
000562 63083  0.564542
000563 4419   0.110659
000564 13409  0.430905
000565 5483   0.109794
000566 10243  0.203163
000567 1895   0.107652
000568 186793 0.742480
000569 261973 0.949338
000570 296415 0.983334
000571 60945  0.638231
000572 711    0.151899
000573 57     0.175439
000574 5017   0.112617
000575 1225   0.213878
000576 297    0.151515
000577 5115   0.183578
000578 69     0.130435
000579 2263   0.125497
000580 186361 0.775205
000581 347    0.138329
000582 18563  0.385606
000583 6043   0.109052
000584 633125 1.753407
000585 107    0.177570
000586 65141  0.472084
000587 57     0.210526
000588 585675 1.654312
000589 15139  0.285290
000590 1407   0.108031
000591 75     0.173333
000592 1597   0.199123
000593 747    0.117805
000594 3791   0.110525
000595 585    0.111111
000596 165861 0.714514
000597 151    0.152318
000598 3891   0.119507
000599 42345  0.335482
000600 57     0.175439
000601 273    0.142857
000602 563899 1.597538
000603 16723  0.287987
000604 1180279 2.782624
000605 807    0.123916
000606 339309 1.175197
000607 32607  0.313338
000608 201    0.144279
000609 67     0.373134
000610 13859  0.372033
000611 770377 2.020115
000612 5269   0.119757
000613 152441 0.719905
000614 47     0.276596
000615 57     0.175439
000616 247129 0.943742
000617 751    0.129161
000618 127    0.141732
000619 3285   0.175951
000620 7675   0.154658
000621 1473   0.169043
000622 1865   0.155496
000623 153    0.130719
000624 30993  0.357532
000625 354171 1.150506
000626 6685   0.110097
000627 2151   0.180381
000628 876071 2.233463
000629 3153   0.122740
000630 66577  0.622197
000631 157    0.197452
000632 320823 1.088862
000633 17677  0.498444
000634 6197   0.195256
000635 3709   0.142087
000636 178651 0.754605
000637 10201  0.260857
000638 73     0.205479
000639 231    0.190476
000640 137229 0.612050
000641 95     0.168421
000642 39     0.153846
000643 8797   0.201887
000644 3329   0.109643
000645 350971 1.229084
000646 150643 0.762073
000647 347761 1.117676
000648 149637 0.670042
000649 191    0.172775
000650 241    0.145228
000651 39883  0.501993
000652 145    0.379310
000653 1014217 2.491173
000654 978631 2.446315
000655 81     0.197531
000656 3609   0.117207
000657 109201 0.577650
000658 7031   0.165979
000659 876139 2.231329
000660 24037  0.303074
000661 45     0.177778
000662 495    0.266667
000663 1103   0.131460
000664 2991   0.300568
000665 7625   0.168131
000666 24747  0.310624
000667 6699   0.115838
000668 595    0.171429
000669 50999  0.351634
000670 37     0.216216
000671 219    0.141553
000672 41     0.243902
000673 3123   0.112712
000674 537    0.117318
000675 791299 2.065351
000676 6505   0.113144
000677 61027  0.434824
000678 185999 0.769300
000679 168729 0.728808
000680 557751 1.603438
000681 30079  0.394195
000682 67     0.298507
000683 13399  0.302933
000684 243    0.275720
000685 239545 0.912985
000686 6037   0.115952
000687 1119   0.107239
000688 17209  0.430240
000689 634191 1.754740
000690 3751   0.109837
000691 905    0.217680
000692 137    0.145985
000693 4345   0.110012
000694 458295 1.381185
000695 51359  0.415623
000696 127    0.149606
000697 37     0.270270
000698 115    0.147826
000699 16417  0.421575
000700 1385   0.146570
000701 153    0.124183
000702 19811  0.327798
000703 113433 0.541007
000704 49     0.428571
000705 12587  0.311274
000706 101    0.158416
000707 6949   0.138581
000708 559    0.110912
000709 1048113 2.540683
000710 443691 1.364977
000711 83     0.180723
000712 173369 0.754945
000713 9819   0.189938
000714 1237   0.228779
000715 1223   0.174162
000716 41     0.170732
000717 75587  0.498393
000718 982411 2.549222
000719 781    0.265045
000720 432201 1.572243
000721 239387 0.882466
000722 757    0.122853
000723 802421 2.176562
000724 969    0.123839
000725 21095  0.329509
000726 150787 0.723358
000727 3247   0.109640
000728 7311   0.145671
000729 71     0.154930
000730 531141 1.642539
000731 1927   0.269850
000732 1171   0.115286
000733 475    0.134737
000734 35331  0.318134
000735 2423   0.110607
000736 4483   0.148338
000737 1375   0.109818
000738 56743  0.351920
000739 2675   0.111776
000740 919    0.116431
000741 45     0.177778
000742 1949   0.198563
000743 305685 1.064920
000744 193    0.150259
000745 5823   0.114374
000746 1048635 2.593982
000747 501471 1.496882
000748 16963  0.269705
000749 319    0.119122
000750 317    0.113565
000751 41     0.146341
000752 79863  0.469842
000753 41137  0.297008
000754 62213  0.414495
000755 10379  0.298680
000756 63     0.142857
000757 6019   0.122446
000758 115    0.121739
000759 59     0.135593
000760 905    0.108287
000761 1367   0.106072
000762 8911   0.174055
000763 531    0.111111
000764 23047  0.293617
000765 26511  0.287692
000766 89103  0.490466
000767 44769  0.308249
000768 79     0.177215
000769 81     0.135802
000770 4395   0.114221
000771 5271   0.106242
000772 55     0.145455
000773 551    0.127042
000774 1573   0.106167
000775 52953  0.340491
000776 1047253 2.531779
000777 30517  0.291936
000778 259451 0.942243
000779 2221   0.111661
000780 6039   0.114920
000781 2203   0.105765
000782 3009   0.105351
000783 8105   0.169895
000784 9137   0.182554
000785 326111 1.329032
000786 6061   0.114998
000787 55     0.200000
000788 249503 1.079434
000789 682349 1.946206
000790 495    0.127273
000791 469    0.113006
000792 1383   0.110629
000793 57     0.140351
000794 18441  0.297272
000795 14259  0.320850
000796 819677 2.074088
000797 63     0.190476
000798 74865  0.456074
000799 10815  0.298937
000800 29539  0.284302
000801 14013  0.312781
000802 195    0.117949
000803 59     0.152542
000804 47089  0.327762
000805 795715 2.036987
000806 116075 0.526427
000807 3599   0.116143
000808 57639  0.390239
000809 16937  0.280392
000810 4385   0.114481
000811 1697   0.123159
000812 31399  0.292239
000813 143    0.146853
000814 357    0.126050
000815 8391   0.168156
000816 129    0.131783
000817 11389  0.320397
000818 66085  0.433457
000819 149305 0.685476
000820 4945   0.114459
000821 31091  0.292496
000822 57     0.175439
000823 90049  0.500150
000824 4981   0.109817
000825 95     0.136842
000826 7153   0.148050
000827 231411 0.897784
000828 712455 1.911133
000829 455793 1.361715
000830 9219   0.188958
000831 205    0.121951
000832 665    0.111278
000833 26039  0.461577
000834 341    0.137830
000835 470683 1.401635
000836 2091   0.112865
000837 18455  0.282959
000838 3645   0.124005
000839 180335 0.723265
000840 3039   0.109905
000841 687    0.107715
000842 40135  0.306565
000843 63     0.206349
000844 609    0.123153
000845 184049 0.745731
000846 105    0.161905
000847 1015   0.115271
000848 5153   0.110033
000849 1183439 2.757803
000850 29069  0.295848
000851 941239 2.360659
000852 499451 1.521459
000853 699    0.127325
000854 905    0.106077
000855 63181  0.421551
000856 27493  0.337795
000857 2067   0.120948
000858 456147 1.371952
000859 126375 0.541215
000860 4535   0.118853
000861 1087709 2.611649
000862 1333   0.115529
000863 941    0.108395
000864 12061  0.315314
000865 1073327 2.621746
000866 825    0.126061
000867 315955 1.122375
000868 12277  0.312699
000869 4485   0.121070
000870 137    0.138686
000871 3295   0.108042
000872 987    0.108409
000873 497    0.114688
000874 779    0.119384
000875 102953 0.509194
000876 79     0.151899
000877 157    0.140127
000878 23097  0.314673
000879 2175   0.108966
000880 579433 1.621917
000881 83     0.168675
000882 167    0.131737
000883 93789  0.514399
000884 541    0.131238
000885 14967  0.302666
000886 65501  0.442665
000887 1041   0.159462
000888 2701   0.111440
000889 109    0.229358
000890 29555  0.292269
000891 282399 0.968838
000892 571    0.497373
000893 10643  0.335056
000894 3051   0.110456
000895 95     0.168421
000896 63     0.174603
000897 22061  0.481121
000898 404657 1.328817
000899 16359  0.365059
000900 188039 0.792788
000901 877    0.180160
000902 708401 2.040140
000903 2341   0.129005
000904 112267 0.631708
000905 593905 1.829862
000906 355    0.138028
000907 374543 1.250278
000908 53     0.207547
000909 19739  0.277116
000910 69     0.173913
000911 134373 0.589918
000912 37507  0.387154
000913 8617   0.181386
000914 187957 0.796778
000915 459    0.139434
000916 539    0.120594
000917 11535  0.414911
000918 51     0.196078
000919 186255 0.848761
000920 35671  0.360909
000921 18167  0.322398
000922 7453   0.151080
000923 289    0.141869
000924 2579   0.122528
000925 2133   0.113455
000926 23211  0.445220
000927 3109   0.132518
000928 824469 2.096120
000929 4517   0.114014
000930 629509 1.707078
000931 32309  0.289145
000932 373761 1.220769
000933 13627  0.287958
000934 33     0.181818
000935 79885  0.476798
000936 10835  0.299216
000937 111    0.135135
000938 13841  0.297233
000939 227    0.127753
000940 239707 0.895518
000941 4865   0.115930
000942 25799  0.291755
000943 71     0.211268
000944 91     0.131868
000945 153    0.124183
000946 40241  0.308516
000947 91     0.164835
000948 1113   0.113208
000949 8945   0.178424
000950 131    0.198473
000951 1491   0.109993
000952 4099   0.107099
000953 1091885 2.600765
000954 227747 0.947450
000955 13625  0.322862
000956 65     0.169231
000957 1555   0.116399
000958 53     0.150943
000959 43     0.162791
000960 3127   0.117365
000961 73909  0.489115
000962 997585 2.577447
000963 35     0.257143
000964 28819  0.311010
000965 5461   0.119392
000966 60893  0.402279
000967 1375   0.120000
000968 144813 0.683834
000969 20925  0.295484
000970 251    0.131474
000971 410659 1.304028
000972 161    0.149068
000973 81     0.160494
000974 329    0.145897
000975 7803   0.169166
000976 123    0.146341
000977 16891  0.270677
000978 135477 0.616894
000979 173    0.156069
000980 5539   0.112475
000981 131    0.152672
000982 2661   0.113867
000983 287859 0.991534
000984 43463  0.308906
000985 2859   0.111228
000986 79161  0.472265
000987 3533   0.112086
000988 650791 1.803050
000989 25435  0.302890
000990 25925  0.303105
000991 111    0.153153
000992 121    0.140496
000993 18129  0.286778
000994 53     0.150943
000995 1189   0.126997
000996 1045199 2.529669
000997 75     0.173333
000998 2453   0.110477
000999 71     0.140845
001000 273149 0.999572
001001 92745  0.513947
001002 54553  0.331476
001003 14125  0.301805
001004 74295  0.462117
001005 36731  0.305900
001006 513    0.192982
001007 327    0.134557
001008 485    0.115464
001009 62245  0.421688
001010 20841  0.302817
001011 421567 1.301667
001012 28431  0.289086
001013 139    0.143885
001014 130657 0.595812
001015 221    0.153846
001016 54487  0.331474
001017 177    0.141243
001018 117    0.145299
001019 197    0.142132
001020 402071 1.276501
001021 443619 1.390101
001022 195    0.148718
001023 12293  0.364923
001024 9011   0.237044
001025 24465  0.422113
001026 30299  0.350639
001027 3597   0.138171
001028 1453   0.110805
001029 633    0.137441
001030 2215   0.110158
001031 557    0.132855
001032 24599  0.414123
001033 1017   0.117011
001034 261    0.137931
001035 5745   0.146388
001036 252851 1.017141
001037 1065   0.123005
001038 14579  0.295425
001039 17047  0.266850
001040 983    0.110885
001041 113899 0.530242
001042 40549  0.301166
001043 92919  0.518979
001044 37801  0.308722
001045 87     0.160920
001046 2851   0.110838
001047 965    0.108808
001048 133    0.120301
001049 1113   0.107817
001050 435073 1.350633
001051 185    0.151351
001052 28087  0.302524
001053 275503 0.980806
001054 19015  0.278096
001055 260875 0.961330
001056 330015 1.114540
001057 1090079 2.623441
001058 2757   0.111716
001059 5923   0.107378
001060 57     0.315789
001061 83     0.168675
001062 3783   0.110230
001063 18983  0.494864
001064 1341   0.134974
001065 269393 1.034782
001066 375817 1.320361
001067 3605   0.112899
001068 361    0.127424
001069 853    0.111372
001070 325    0.116923
001071 16723  0.282605
001072 13015  0.294045
001073 3619   0.107765
001074 196015 0.760768
001075 4791   0.128157
001076 29115  0.284836
001077 161    0.136646
001078 75     0.146667
001079 263833 0.977380
001080 8993   0.197932
001081 591527 1.665523
001082 5109   0.115482
001083 35     0.171429
001084 9833   0.193939
001085 515    0.110680
001086 1599   0.110069
001087 5713   0.108174
001088 41     0.146341
001089 6543   0.107596
001090 5493   0.106863
001091 11857  0.304715
001092 49     0.142857
001093 74877  0.527705
001094 23553  0.299919
001095 73     0.150685
001096 14449  0.294761
001097 47787  0.323561
001098 159455 0.728337
001099 78975  0.476113
001100 231    0.147186
001101 9847   0.198944
001102 11751  0.304910
001103 443    0.115124
001104 393    0.109415
001105 875565 2.311853
001106 11723  0.307003
001107 668123 1.866514
001108 203    0.147783
001109 2583   0.117305
001110 8815   0.183210
001111 13317  0.291282
001112 1361   0.109478
001113 969    0.108359
001114 4817   0.107536
001115 6063   0.108857
001116 461    0.110629
001117 543    0.108656
001118 191    0.115183
001119 983    0.118006
001120 14207  0.318646
001121 1049837 2.593633
001122 8003   0.163064
001123 587    0.112436
001124 95     0.126316
001125 41459  0.304277
001126 1317   0.117692
001127 6463   0.110939
001128 168687 0.747289
001129 19773  0.361857
001130 365351 1.237689
001131 351863 1.358819
001132 74647  0.552132
001133 149    0.174497
001134 744393 2.086112
001135 56501  0.434329
001136 523361 1.542083
001137 13621  0.290067
001138 171459 0.754501
001139 3959   0.111392
001140 39745  0.305623
001141 1061511 2.635720
001142 561    0.144385
001143 57     0.192982
001144 45     0.244444
001145 185    0.308108
001146 11581  0.421380
001147 6607   0.127138
001148 618371 1.871736
001149 71     0.197183
001150 1063   0.174976
001151 9347   0.192040
001152 123    0.146341
001153 3339   0.109614
001154 271    0.151292
001155 227    0.145374
001156 13941  0.451115
001157 3325   0.149173
001158 645    0.120930
001159 126045 0.557555
001160 29737  0.297542
001161 35     0.228571
001162 76085  0.490530
001163 141    0.148936
001164 192977 0.779388
001165 1194469 2.782604
001166 67     0.194030
001167 309    0.161812
001168 200081 0.798102
001169 541    0.136784
001170 17057  0.325380
001171 47     0.191489
001172 148845 0.718365
001173 3567   0.137931
001174 805    0.118012
001175 61135  0.422458
001176 545    0.137615
001177 3175   0.114646
001178 47     0.170213
001179 877    0.115165
001180 103425 0.578651
001181 14585  0.421598
001182 139    0.143885
001183 9507   0.190491
001184 143    0.153846
001185 26989  0.386380
001186 95945  0.557225
001187 370007 1.396465
001188 12875  0.600233
001189 397    0.130982
001190 735    0.175510
001191 101    0.138614
001192 375    0.120000
001193 333    0.111111
001194 897    0.177258
001195 23403  0.300303
001196 156143 0.702126
001197 121    0.157025
001198 859    0.118743
001199 613    0.122349
001200 3573   0.109712
001201 37827  0.321093
001202 97     0.164948
001203 206689 0.995549
001204 53611  0.338960
001205 771    0.164721
001206 107821 0.550190
001207 971219 2.475351
001208 173    0.156069
001209 143189 0.708169
001210 81     0.185185
001211 1054247 2.716928
001212 45     0.244444
001213 36139  0.468995
001214 39285  0.336872
001215 729835 1.969867
001216 163    0.153374
001217 32015  0.392628
001218 365853 1.258350
001219 888457 2.303705
001220 333913 1.108582
001221 80315  0.503492
001222 4707   0.200552
001223 2635   0.109677
001224 27097  0.467063
001225 258573 0.933493
001226 64947  0.497159
001227 139    0.230216
001228 229    0.135371
001229 1671   0.113704
001230 911    0.182217
001231 1341   0.108874
001232 163    0.116564
001233 672839 1.890403
001234 377299 1.272060
001235 135367 0.602688
001236 44851  0.517201
001237 8787   0.191419
001238 67     0.179104
001239 311    0.128617
001240 91057  0.540266
001241 3709   0.110272
001242 71     0.225352
001243 130215 0.606942
001244 11137  0.340936
001245 34963  0.330635
001246 396225 1.409257
001247 939    0.123536
001248 382209 1.397963
001249 509    0.153242
001250 284653 1.065146
001251 567    0.298060
001252 643    0.124417
001253 14675  0.439523
001254 309    0.132686
001255 3223   0.274899
001256 143189 0.735678
001257 47     0.361702
001258 82917  0.565011
001259 165    0.200000
001260 114079 0.647656
001261 990031 2.628200
001262 10241  0.205742
001263 71723  0.486232
001264 32079  0.291655
001265 35753  0.301821
001266 2377   0.113168
001267 115    0.130435
001268 756865 2.004634
001269 1130065 2.737542
001270 2909   0.121691
001271 85     0.164706
001272 1026017 2.673904
001273 35235  0.325529
001274 207495 0.806236
001275 52553  0.359827
001276 85     0.270588
001277 11631  0.344854
001278 65     0.230769
001279 475733 1.480274
001280 102717 0.506674
001281 375945 1.225052
001282 117    0.162393
001283 23389  0.291804
001284 5291   0.109998
001285 197    0.116751
001286 923    0.110509
001287 5757   0.108911
001288 585915 1.613478
001289 15735  0.278297
001290 36987  0.301971
001291 213    0.145540
001292 439    0.118451
001293 22609  0.292273
001294 47557  0.326198
001295 85     0.176471
001296 2055   0.110949
001297 617785 1.708798
001298 255    0.137255
001299 393839 1.325290
001300 177    0.158192
001301 1185   0.117300
001302 273    0.135531
001303 137031 0.679715
001304 37     0.243243
001305 99437  0.574947
001306 51     0.215686
001307 9397   0.189209
001308 505013 1.567669
001309 21059  0.295646
001310 62655  0.420860
001311 157    0.146497
001312 113    0.150442
001313 177329 0.731832
001314 135    0.148148
001315 1575   0.111746
001316 47779  0.321606
001317 36143  0.298509
001318 4445   0.109111
001319 6161   0.107125
001320 390099 1.244025
001321 2145   0.112821
001322 251    0.127490
001323 34573  0.322882
001324 66573  0.476890
001325 717    0.121339
001326 430239 1.282243
001327 111    0.171171
001328 131    0.145038
001329 551    0.123412
001330 217545 0.831805
001331 49     0.204082
001332 164905 0.705600
001333 70615  0.442441
001334 90699  0.501097
001335 280483 0.961752
001336 277    0.144404
001337 1419   0.122622
001338 248789 1.081037
001339 5225   0.118278
001340 172267 0.820807
001341 1047   0.119389
001342 28855  0.301369
001343 46205  0.322519
001344 22723  0.290895
001345 282789 0.961540
001346 59901  0.400411
001347 619311 1.774800
001348 329    0.133739
001349 164411 0.714247
001350 174731 0.715168
001351 6647   0.109072
001352 247    0.113360
001353 635    0.110236
001354 1569   0.107712
001355 136189 0.578490
001356 99     0.161616
001357 89     0.146067
001358 39183  0.333384
001359 275    0.138182
001360 39969  0.309165
001361 360057 1.298214
001362 211833 0.751781
001363 487381 1.542202
001364 313    0.159744
001365 15017  0.286209
001366 127    0.133858
001367 4205   0.108205
001368 113    0.132743
001369 54299  0.327538
001370 75201  0.450193
001371 134217 0.570114
001372 336111 1.124765
001373 345    0.139130
001374 42025  0.305318
001375 4331   0.109674
001376 36597  0.331557
001377 217961 0.912457
001378 4783   0.201338
001379 957677 2.491830
001380 27657  0.403117
001381 239    0.196653
001382 233    0.141631
001383 431    0.150812
001384 825    0.152727
001385 73603  0.517656
001386 3685   0.132157
001387 799    0.107635
001388 155    0.148387
001389 565    0.125664
001390 15563  0.285035
001391 1329   0.219714
001392 5731   0.118827
001393 795    0.120755
001394 339    0.117994
001395 108927 0.540949
001396 420891 1.277414
001397 77159  0.563097
001398 46751  0.359971
001399 617413 1.723866
001400 279069 1.036826
001401 37     0.216216
001402 669    0.121076
001403 91     0.153846
001404 33     0.151515
001405 1593   0.117389
001406 405    0.118519
001407 28853  0.299033
001408 125    0.232000
001409 15573  0.289347
001410 48693  0.347031
001411 431    0.132251
001412 103    0.165049
001413 1127691 2.802807
001414 314241 1.125563
001415 858923 2.329062
001416 26117  0.296703
001417 767    0.121252
001418 122081 0.540674
001419 87     0.172414
001420 16823  0.280687
001421 21413  0.318358
001422 571    0.134851
001423 149    0.127517
001424 35     0.200000
001425 32103  0.328567
001426 7983   0.179131
001427 223    0.139013
001428 341    0.140762
001429 63     0.142857
001430 27441  0.323203
001431 63     0.174603
001432 4189   0.111721
001433 430355 1.360203
001434 93     0.279570
001435 41     0.219512
001436 112837 0.551929
001437 1086889 2.822679
001438 400971 1.348574
001439 11779  0.339587
001440 295    0.122034
001441 2547   0.107970
001442 113093 0.536956
001443 17481  0.324924
001444 723657 1.941906
001445 2221   0.112112
001446 1181   0.116850
001447 626065 1.740316
001448 773    0.120310
001449 6349   0.125847
001450 383    0.308094
001451 1093907 2.662778
001452 205    0.151220
001453 33427  0.343585
001454 152845 0.757329
001455 26641  0.292369
001456 22079  0.314009
001457 1479   0.109533
001458 97895  0.534430
001459 50713  0.371976
001460 185    0.145946
001461 21771  0.291581
001462 41359  0.319519
001463 230165 0.902709
001464 413    0.133172
001465 197    0.137056
001466 12535  0.350379
001467 11191  0.318560
001468 85     0.152941
001469 20417  0.286575
001470 2549   0.123970
001471 42869  0.321444
001472 91     0.175824
001473 33     0.181818
001474 13577  0.358842
001475 37455  0.305727
001476 22171  0.317036
001477 227897 0.933040
001478 2113   0.115949
001479 36051  0.408199
001480 18455  0.500244
001481 12637  0.310992
001482 15671  0.332653
001483 146345 0.734504
001484 11881  0.343658
001485 1121   0.110616
001486 7101   0.145754
001487 69     0.159420
001488 17977  0.315125
001489 262379 0.982018
001490 63901  0.420776
001491 2475   0.111111
001492 61719  0.503864
001493 83327  0.519615
001494 116895 0.524043
001495 797    0.130489
001496 309251 1.107453
001497 229    0.144105
001498 177    0.118644
001499 79     0.139241
001500 265    0.116981
001501 1489   0.112827
001502 963677 2.432802
001503 49437  0.343690
001504 73     0.205479
001505 3719   0.117236
001506 3825   0.108497
001507 16359  0.292744
001508 847    0.127509
001509 61     0.180328
001510 1977   0.188164
001511 1579   0.158961
001512 1931   0.183843
001513 24495  0.443560
001514 105    0.161905
001515 1251   0.115108
001516 3441   0.108108
001517 909331 2.579357
001518 357    0.134454
001519 111    0.126126
001520 11321  0.311192
001521 85     0.141176
001522 9719   0.199197
001523 2075   0.106024
001524 113295 0.527367
001525 908109 2.318705
001526 787    0.120712
001527 32651  0.356191
001528 787    0.120712
001529 249    0.116466
001530 89189  0.490957
001531 49     0.224490
001532 25529  0.365898
001533 2703   0.110988
001534 12079  0.667853
001535 483769 1.490430
001536 204601 0.792982
001537 743    0.121131
001538 1136821 2.768963
001539 782765 2.085295
001540 31925  0.290274
001541 471303 1.411370
001542 939    0.124601
001543 265    0.113208
001544 65     0.138462
001545 91453  0.501055
001546 4267   0.110148
001547 13587  0.291381
001548 213329 0.769370
001549 9705   0.189284
001550 105    0.133333
001551 164257 0.705291
001552 372063 1.232662
001553 158515 0.690193
001554 434663 1.295369
001555 541859 1.571632
001556 15261  0.292838
001557 23063  0.288427
001558 40449  0.300897
001559 416669 1.286258
001560 22133  0.292143
001561 398653 1.247014
001562 64541  0.437582
001563 25123  0.297218
001564 3309   0.108492
001565 8109   0.163399
001566 2801   0.111746
001567 23943  0.297874
001568 1197   0.111947
001569 465    0.113978
001570 5857   0.107905
001571 61     0.147541
001572 305773 1.024963
001573 137    0.160584
001574 905    0.118232
001575 406429 1.329972
001576 425    0.129412
001577 375    0.120000
001578 41     0.170732
001579 10009  0.201519
001580 9281   0.235212
001581 2357   0.113280
001582 12533  0.320514
001583 13133  0.316455
001584 91     0.263736
001585 437    0.123570
001586 1919   0.110474
001587 3737   0.111052
001588 46047  0.342650
001589 822055 2.226534
001590 1145   0.119651
001591 34209  0.290713
001592 13657  0.291719
001593 6481   0.108162
001594 85943  0.487951
001595 14553  0.308390
001596 55     0.163636
001597 1771   0.139469
001598 238097 0.998837
001599 336735 1.221857
001600 105    0.190476
001601 1969   0.124429
001602 243    0.123457
001603 233325 0.974285
001604 2347   0.110780
001605 263    0.117871
001606 2203   0.130731
001607 14819  0.304407
001608 9303   0.186499
001609 2611   0.110686
001610 10015  0.217873
001611 897297 2.294893
001612 5037   0.113957
001613 593501 1.696157
001614 3587   0.113744
001615 163959 0.758976
001616 943    0.144221
001617 7215   0.158559
001618 14135  0.305695
001619 81     0.148148
001620 915    0.113661
001621 33777  0.345501
001622 85543  0.553686
001623 59     0.220339
001624 97443  0.529181
001625 333    0.141141
001626 149    0.147651
001627 95     0.168421
001628 63     0.206349
001629 1081931 2.651238
001630 189    0.142857
001631 331105 1.184821
001632 123    0.154472
001633 1103   0.119674
001634 86085  0.517674
001635 1215   0.121811
001636 5057   0.112517
001637 1039   0.108758
001638 20279  0.293900
001639 483    0.122153
001640 43     0.162791
001641 387117 1.525231
001642 59673  0.520051
001643 11049  0.438592
001644 91     0.186813
001645 337    0.148368
001646 857    0.123687
001647 1019   0.126595
001648 86911  0.654532
001649 30735  0.436636
001650 171105 0.792028
001651 2071   0.150652
001652 62805  0.466826
001653 261    0.214559
001654 116869 0.597609
001655 8215   0.272672
001656 119    0.159664
001657 68931  0.496047
001658 85773  0.535483
001659 20081  0.348040
001660 103653 0.545387
001661 361    0.135734
001662 317691 1.133252
001663 3701   0.114293
001664 571    0.120841
001665 1309   0.115355
001666 211    0.265403
001667 573    0.137871
001668 237357 0.962693
001669 695407 1.907358
001670 2555   0.115460
001671 5673   0.111052
001672 15867  0.284616
001673 925    0.112432
001674 75     0.133333
001675 145    0.124138
001676 366649 1.257699
001677 131285 0.627292
001678 667    0.128936
001679 3127   0.121202
001680 307    0.136808
001681 58287  0.365931
001682 2417   0.117501
001683 495    0.119192
001684 67     0.149254
001685 77603  0.492442
001686 4425   0.112542
001687 4937   0.111809
001688 17553  0.290777
001689 8063   0.165447
001690 153669 0.727824
001691 147175 0.700099
001692 18297  0.297644
001693 51     0.176471
001694 646679 1.797072
001695 2737   0.123493
001696 1151   0.119027
001697 9829   0.195035
001698 97     0.123711
001699 141    0.127660
001700 191    0.125654
001701 929    0.119483
001702 94685  0.533538
001703 385213 1.277447
001704 155209 0.730376
001705 551703 1.618032
001706 2045   0.115403
001707 11289  0.321641
001708 49     0.142857
001709 85251  0.518915
001710 8153   0.175764
001711 30509  0.281884
001712 255    0.137255
001713 105435 0.527387
001714 2901   0.125129
001715 209141 0.790371
001716 135    0.155556
001717 7205   0.160583
001718 35     0.171429
001719 98547  0.522421
001720 1589   0.118313
001721 108977 0.530910
001722 95     0.168421
001723 44275  0.309836
001724 178257 0.757777
001725 290549 1.012938
001726 19765  0.283633
001727 8465   0.172357
001728 48373  0.333616
001729 1147   0.124673
001730 35     0.171429
001731 1297   0.109483
001732 425755 1.338594
001733 279707 0.995742
001734 50559  0.335133
001735 8661   0.180233
001736 17811  0.292179
001737 45371  0.329836
001738 10655  0.338339
001739 67     0.164179
001740 15239  0.302907
001741 15483  0.285733
001742 37277  0.305121
001743 167159 0.742180
001744 107    0.168224
001745 99641  0.520117
001746 1080411 2.653319
001747 8787   0.183908
001748 58769  0.401810
001749 449219 1.423268
001750 118589 0.542942
001751 146251 0.692857
001752 449567 1.424987
001753 1649   0.116434
001754 453475 1.392231
001755 617    0.129660
001756 475935 1.446996
001757 1057533 2.870431
001758 16599  0.460811
001759 20223  0.594175
001760 5995   0.130442
001761 247149 1.248971
001762 463    0.161987
001763 325485 1.405057
001764 658339 2.212340
001765 4599   0.115242
001766 16523  0.451371
001767 1967   0.136756
001768 1311   0.117468
001769 49     0.224490
001770 225    0.173333
001771 51     0.235294
001772 2641   0.110186
001773 5303   0.112766
001774 1086595 2.920322
001775 776653 2.084287
001776 353    0.138810
001777 27653  0.318374
001778 363205 1.224829
001779 59     0.203390
001780 147    0.142857
001781 17539  0.298364
001782 3099   0.111004
001783 2701   0.112181
001784 229    0.117904
001785 3179   0.108525
001786 3663   0.107016
001787 850253 2.180031
001788 3303   0.112322
001789 340699 1.210412
001790 473    0.154334
001791 954073 2.401673
001792 1050059 2.563196
001793 85     0.282353
001794 1757   0.113830
001795 71     0.183099
001796 1817   0.117226
001797 132269 0.607058
001798 14911  0.290725
001799 5923   0.113625
001800 1349   0.108228
001801 2659   0.109064
001802 6539   0.108273
001803 35     0.200000
001804 422585 1.311388
001805 38775  0.309942
001806 83     0.168675
001807 93     0.139785
001808 1595   0.115987
001809 6979   0.152171
001810 251483 0.982571
001811 38591  0.314685
001812 57     0.192982
001813 115    0.139130
001814 1887   0.119237
001815 188377 0.770779
001816 135    0.162963
001817 119035 0.543344
001818 94493  0.522197
001819 265    0.143396
001820 1741   0.113728
001821 4543   0.109839
001822 951    0.109359
001823 510829 1.558886
001824 581749 1.660549
001825 290399 1.012373
001826 185    0.264865
001827 207829 0.809372
001828 111697 0.530229
001829 109    0.174312
001830 282845 1.003567
001831 64821  0.430971
001832 61     0.180328
001833 2189   0.120146
001834 33     0.181818
001835 119    0.126050
001836 265    0.124528
001837 196923 0.787318
001838 81     0.172840
001839 3351   0.117577
001840 55     0.163636
001841 289917 1.015932
001842 7621   0.167432
001843 540237 1.607072
001844 255    0.152941
001845 333    0.126126
001846 335597 1.127489
001847 79679  0.489840
001848 1145743 2.715987
001849 7309   0.145163
001850 8211   0.160882
001851 56965  0.351075
001852 1461   0.116359
001853 336621 1.161728
001854 47813  0.332985
001855 11439  0.312527
001856 2415   0.116770
001857 3921   0.106860
001858 467    0.109208
001859 21209  0.295205
001860 107    0.140187
001861 89819  0.516149
001862 508411 1.560151
001863 31735  0.291854
001864 187    0.128342
001865 4295   0.118277
001866 1137   0.110818
001867 834055 2.146946
001868 279709 0.998145
001869 377    0.143236
001870 6223   0.115218
001871 852307 2.206776
001872 397253 1.305594
001873 678807 1.880602
001874 34503  0.305162
001875 33     0.242424
001876 173    0.132948
001877 33     0.212121
001878 945873 2.432845
001879 691    0.124457
001880 869509 2.558465
001881 33     0.212121
001882 539    0.131725
001883 198831 0.812700
001884 101    0.178218
001885 12217  0.333715
001886 46197  0.364374
001887 3161   0.133818
001888 139253 0.666262
001889 2941   0.118327
001890 1187   0.169334
001891 41     0.219512
001892 858009 2.230390
001893 481543 1.534700
001894 838905 2.165587
001895 860221 2.527568
001896 537    0.160149
001897 299    0.140468
001898 8445   0.225340
001899 72315  0.503865
001900 39261  0.362268
001901 839    0.126341
001902 4755   0.115247
001903 21815  0.325602
001904 6445   0.115904
001905 975    0.114872
001906 26753  0.315367
001907 65265  0.474879
001908 895439 2.523889
001909 219    0.146119
001910 29205  0.479233
001911 3901   0.130992
001912 161969 0.826380
001913 1897   0.270954
001914 77     0.220779
001915 15951  0.353646
001916 861    0.126597
001917 2603   0.117557
001918 3437   0.112889
001919 415    0.142169
001920 13479  0.380518
001921 1001319 2.738271
001922 753141 2.159783
001923 139    0.158273
001924 634783 1.912299
001925 617    0.163695
001926 159    0.169811
001927 12615  0.384225
001928 45603  0.409666
001929 685    0.129927
001930 45     0.222222
001931 2985   0.138023
001932 15743  0.367973
001933 117    0.136752
001934 46629  0.381737
001935 194635 0.830801
001936 660647 1.967393
001937 400347 1.426178
001938 33     0.242424
001939 37     0.189189
001940 644441 1.926097
001941 1857   0.122240
001942 373    0.243968
001943 161    0.155280
001944 2033   0.113625
001945 1361   0.121234
001946 781    0.135723
001947 983    0.119023
001948 937    0.118463
001949 7113   0.153100
001950 27069  0.309801
001951 87587  0.581445
001952 63     0.206349
001953 415    0.139759
001954 185927 0.838700
001955 936075 2.501004
001956 229887 0.992923
001957 135    0.155556
001958 137881 0.683706
001959 14795  0.418587
001960 38897  0.339846
001961 136225 0.669040
001962 8507   0.183966
001963 11507  0.381507
001964 6447   0.119125
001965 665453 1.963435
001966 86077  0.555247
001967 411661 1.391881
001968 7003   0.157218
001969 7659   0.159943
001970 745981 2.122185
001971 787    0.125794
001972 3421   0.119556
001973 335    0.116418
001974 69821  0.519815
001975 567    0.149912
001976 523045 1.692143
001977 7481   0.164283
001978 6781   0.113405
001979 80247  0.538462
001980 581601 1.774722
001981 149751 0.771661
001982 1191   0.119228
001983 35     0.228571
001984 241    0.136929
001985 676759 1.975671
001986 174019 0.816169
001987 33573  0.372919
001988 43123  0.328409
001989 191381 0.836431
001990 213    0.183099
001991 1146601 2.894890
001992 328283 1.185776
001993 1055   0.122275
001994 104631 0.599516
001995 339937 1.295405
001996 76127  0.541004
001997 230771 0.994397
001998 386899 1.363154
001999 373    0.150134
