000000 463391 1.800713
000001 127    0.267717
000002 61837  0.418859
000003 45     0.266667
000004 173    0.213873
000005 415677 1.107646
000006 1183   0.205410
000007 2279   0.186924
000008 891    0.188552
000009 17789  0.365451
000010 382135 1.070043
000011 22071  0.366318
000012 263773 0.811675
000013 10945  0.365281
000014 442043 1.170262
000015 197197 0.700655
000016 3641   0.193628
000017 642775 1.691108
000018 173197 0.660860
000019 6293   0.193548
000020 36131  0.396585
000021 502381 1.303007
000022 4293   0.225949
000023 35     0.257143
000024 32693  0.383844
000025 417    0.206235
000026 813    0.198032
000027 407    0.189189
000028 50787  0.406344
000029 1024265 2.472687
000030 1669   0.197723
000031 59695  0.411257
000032 9511   0.368416
000033 947    0.184794
000034 76303  0.481855
000035 41     0.292683
000036 7701   0.292300
000037 502027 1.307157
000038 81     0.283951
000039 287    0.222997
000040 2041   0.236649
000041 455679 1.206013
000042 1093   0.207685
000043 6549   0.199878
000044 272063 0.831870
000045 14847  0.380616
000046 204283 0.691169
000047 605009 1.504968
000048 8857   0.306650
000049 21711  0.369628
000050 153183 0.589622
000051 80809  0.445804
000052 2341   0.187527
000053 125    0.208000
000054 213    0.220657
000055 471405 1.231665
000056 971761 2.282200
000057 2563   0.190012
000058 27815  0.380442
000059 71365  0.427927
000060 1013   0.220138
000061 97513  0.492570
000062 87609  0.467247
000063 39     0.282051
000064 720181 1.721208
000065 642823 1.607817
000066 315211 0.955750
000067 646439 1.627349
000068 1821   0.213619
000069 35969  0.392282
000070 56525  0.394763
000071 3145   0.186645
000072 4723   0.208977
000073 12679  0.390094
000074 14007  0.382809
000075 8409   0.299203
000076 657427 1.659809
000077 129    0.263566
000078 1511   0.192588
000079 71009  0.429453
000080 137    0.211679
000081 699    0.244635
000082 43257  0.377303
000083 219    0.200913
000084 113    0.230088
000085 7699   0.280426
000086 1083833 2.511052
000087 26789  0.367502
000088 129    0.209302
000089 1903   0.207567
000090 273563 0.913033
000091 292067 0.857704
000092 39235  0.390570
000093 88699  0.467908
000094 37     0.324324
000095 110493 0.503208
000096 5895   0.189652
000097 202431 0.680439
000098 20551  0.346115
000099 171    0.198830
000100 24541  0.374964
000101 58545  0.407311
000102 2711   0.194024
000103 253    0.205534
000104 1141   0.206836
000105 39981  0.385758
000106 21315  0.356510
000107 70503  0.438251
000108 228529 0.730953
000109 375    0.232000
000110 189    0.211640
000111 33755  0.368864
000112 154233 0.607062
000113 381    0.236220
000114 661573 1.632746
000115 1195   0.211715
000116 7197   0.248159
000117 87     0.218391
000118 1923   0.190848
000119 28737  0.374569
000120 49     0.387755
000121 293    0.194539
000122 747571 1.796989
000123 111    0.252252
000124 3213   0.195767
000125 2641   0.188186
000126 2997   0.186854
000127 355    0.191549
000128 47     0.234043
000129 97     0.206186
000130 387    0.191214
000131 25247  0.379411
000132 9143   0.311823
000133 22729  0.364864
000134 604843 1.507512
000135 4041   0.194259
000136 917319 2.154440
000137 29649  0.368275
000138 43     0.255814
000139 130847 0.545714
000140 644191 1.608638
000141 18059  0.356277
000142 3637   0.186967
000143 17025  0.357416
000144 9903   0.345855
000145 51297  0.415833
000146 29911  0.372739
000147 485847 1.283126
000148 679    0.201767
000149 375    0.189333
000150 2731   0.206518
000151 4575   0.195191
000152 279685 0.882157
000153 129    0.263566
000154 6221   0.203344
000155 815    0.193865
000156 409    0.195599
000157 103    0.223301
000158 483885 1.248092
000159 39     0.487179
000160 25523  0.392352
000161 1503   0.188290
000162 46923  0.401424
000163 594159 1.471753
000164 13059  0.389770
000165 525163 1.329879
000166 73     0.301370
000167 669    0.228700
000168 115    0.217391
000169 484359 1.226993
000170 675    0.217778
000171 89     0.213483
000172 170683 0.615586
000173 86927  0.475192
000174 314669 0.913010
000175 211    0.241706
000176 14647  0.375777
000177 2171   0.189774
000178 984893 2.296874
000179 560407 1.440635
000180 388367 1.062070
000181 65     0.292308
000182 5145   0.191254
000183 11469  0.395850
000184 435451 1.138514
000185 6311   0.211377
000186 1917   0.193010
000187 78441  0.461315
000188 51     0.274510
000189 499    0.204409
000190 187325 0.659031
000191 179    0.351955
000192 8003   0.306760
000193 84771  0.484812
000194 18845  0.345078
000195 65751  0.416207
000196 77     0.233766
000197 24795  0.385884
000198 211    0.199052
000199 7839   0.261896
000200 7013   0.228718
000201 1637   0.183873
000202 33     0.242424
000203 37     0.243243
000204 959147 2.233002
000205 55061  0.383338
000206 3491   0.187052
000207 33     0.272727
000208 415777 1.094580
000209 458007 1.206235
000210 1367   0.235552
000211 90465  0.530691
000212 32359  0.421923
000213 212417 0.835244
000214 13983  0.436029
000215 301    0.205980
000216 200225 0.729709
000217 83     0.301205
000218 35     0.542857
000219 435    0.220690
000220 383    0.203655
000221 651    0.215054
000222 103    0.233010
000223 123    0.211382
000224 22943  0.372140
000225 52519  0.388393
000226 280769 0.867176
000227 4887   0.196440
000228 305    0.219672
000229 734541 1.763022
000230 279    0.254480
000231 40015  0.382607
000232 247303 0.776092
000233 4273   0.193073
000234 51     0.254902
000235 141525 0.581254
000236 942301 2.202506
000237 31013  0.355915
000238 11675  0.374304
000239 1285   0.190661
000240 71495  0.427596
000241 6965   0.226849
000242 6135   0.186960
000243 65     0.230769
000244 1485   0.185859
000245 26309  0.368619
000246 44771  0.384401
000247 41     0.243902
000248 14363  0.372694
000249 61     0.229508
000250 366365 1.002790
000251 401    0.251870
000252 20707  0.378230
000253 605    0.208264
000254 2081   0.229217
000255 11843  0.407498
000256 37983  0.428929
000257 102165 0.537669
000258 71     0.281690
000259 3313   0.204648
000260 460551 1.221485
000261 73     0.287671
000262 309    0.252427
000263 22893  0.378980
000264 56181  0.408181
000265 50943  0.417898
000266 20835  0.352676
000267 226167 0.768839
000268 819    0.219780
000269 4069   0.187515
000270 42317  0.390647
000271 8065   0.271296
000272 10187  0.349171
000273 117    0.205128
000274 636415 1.564154
000275 201471 0.695246
000276 65     0.276923
000277 75     0.240000
000278 27987  0.367849
000279 203    0.197044
000280 77187  0.440048
000281 1131   0.190981
000282 24481  0.389894
000283 1001099 2.320422
000284 42647  0.379722
000285 35339  0.377119
000286 1393   0.185212
000287 413    0.210654
000288 2817   0.197018
000289 58367  0.423510
000290 279777 0.888590
000291 601319 1.554641
000292 25287  0.399731
000293 489    0.200409
000294 679    0.194404
000295 789    0.193916
000296 213417 0.735457
000297 99     0.282828
000298 111    0.225225
000299 57215  0.414314
000300 217609 0.708348
000301 166339 0.604380
000302 525    0.226667
000303 237    0.194093
000304 844035 1.983900
000305 4207   0.190635
000306 126459 0.543125
000307 103915 0.498340
000308 4453   0.190433
000309 45065  0.405814
000310 31243  0.352623
000311 27977  0.363906
000312 111    0.207207
000313 165    0.200000
000314 241    0.195021
000315 23809  0.375656
000316 259    0.266409
000317 105    0.238095
000318 23601  0.366849
000319 94031  0.470015
000320 55     0.272727
000321 1879   0.196913
000322 67     0.238806
000323 1285   0.200000
000324 2755   0.189474
000325 11899  0.384822
000326 73873  0.456581
000327 447    0.225951
000328 839321 2.002562
000329 221241 0.731392
000330 213495 0.729586
000331 277    0.241877
000332 11663  0.381377
000333 6089   0.187387
000334 23965  0.389652
000335 53389  0.388451
000336 203    0.201970
000337 481    0.189189
000338 35     0.285714
000339 106199 0.492585
000340 633919 1.541719
000341 45     0.333333
000342 17591  0.351657
000343 79985  0.447921
000344 27277  0.360120
000345 540415 1.359459
000346 2249   0.221432
000347 487    0.188912
000348 254491 0.789945
000349 91111  0.465355
000350 331    0.232628
000351 451    0.197339
000352 207    0.193237
000353 209    0.196172
000354 777    0.190476
000355 2455   0.196334
000356 2309   0.187527
000357 3381   0.186040
000358 35     0.257143
000359 6649   0.188149
000360 93     0.215054
000361 73     0.232877
000362 4781   0.186781
000363 498513 1.300664
000364 15177  0.371088
000365 132901 0.544654
000366 1167559 2.614632
000367 32277  0.361620
000368 97     0.216495
000369 22795  0.373064
000370 70293  0.430768
000371 235    0.208511
000372 1009163 2.346014
000373 47     0.319149
000374 2985   0.200335
000375 705    0.185816
000376 478421 1.222833
000377 209    0.244019
000378 5379   0.208217
000379 2857   0.221561
000380 567495 1.406516
000381 3367   0.189189
000382 33     0.272727
000383 705    0.187234
000384 1825   0.190137
000385 135    0.200000
000386 271    0.195572
000387 626867 1.581580
000388 623    0.226324
000389 915317 2.172928
000390 172599 0.635427
000391 2845   0.269947
000392 289    0.200692
000393 59561  0.422709
000394 675419 1.676738
000395 53153  0.384588
000396 385    0.192208
000397 4213   0.241158
000398 57393  0.405799
000399 135    0.229630
000400 307    0.201954
000401 76621  0.459443
000402 3919   0.219954
000403 144125 0.564052
000404 81     0.283951
000405 439731 1.157164
000406 731    0.216142
000407 23209  0.383300
000408 26563  0.385085
000409 705689 1.717998
000410 14937  0.374372
000411 53     0.245283
000412 9725   0.357532
000413 22097  0.357741
000414 40597  0.410991
000415 441605 1.164763
000416 527    0.218216
000417 99     0.212121
000418 183    0.202186
000419 6855   0.190226
000420 37     0.243243
000421 117973 0.524128
000422 49     0.306122
000423 149    0.228188
000424 1933   0.191412
000425 231265 0.738145
000426 51     0.352941
000427 20059  0.348123
000428 2207   0.189397
000429 10545  0.384258
000430 374219 1.024806
000431 692709 1.656572
000432 61     0.311475
000433 2525   0.198020
000434 93     0.215054
000435 300831 0.880727
000436 17495  0.351815
000437 4101   0.185077
000438 387    0.191214
000439 198003 0.714085
000440 4389   0.220324
000441 197819 0.734692
000442 1941   0.212777
000443 50785  0.433790
000444 55     0.254545
000445 14573  0.395595
000446 1146851 2.692893
000447 337    0.231454
000448 445    0.193258
000449 77     0.220779
000450 185    0.254054
000451 1535   0.188925
000452 31769  0.371274
000453 23173  0.370043
000454 97957  0.507651
000455 703621 1.706350
000456 10151  0.364890
000457 2919   0.189106
000458 1007   0.200596
000459 6777   0.195514
000460 107    0.214953
000461 57     0.228070
000462 515439 1.335881
000463 249    0.240964
000464 49     0.244898
000465 633    0.210111
000466 4731   0.199324
000467 25421  0.391881
000468 974115 2.323934
000469 39     0.333333
000470 6297   0.191520
000471 1439   0.184851
000472 75     0.240000
000473 733851 1.756162
000474 5171   0.191452
000475 227    0.193833
000476 5689   0.187555
000477 3721   0.185972
000478 4111   0.185356
000479 1545   0.209061
000480 183311 0.651778
000481 9433   0.368918
000482 141681 0.579414
000483 102861 0.553018
000484 65     0.538462
000485 111    0.234234
000486 4577   0.204719
000487 199    0.211055
000488 285    0.203509
000489 137    0.218978
000490 12463  0.429752
000491 487    0.195072
000492 623    0.194222
000493 121745 0.529952
000494 379743 1.100692
000495 41057  0.379326
000496 8543   0.306567
000497 970309 2.336621
000498 108319 0.516484
000499 3281   0.217617
000500 59     0.220339
000501 5459   0.188130
000502 99     0.232323
000503 53     0.245283
000504 33     0.272727
000505 367491 1.082173
000506 153927 0.647027
000507 56135  0.406431
000508 431    0.248260
000509 1003501 2.512113
000510 375687 1.091739
000511 401    0.249377
000512 97     0.216495
000513 12951  0.395645
000514 1331   0.210368
000515 81765  0.458803
000516 305891 0.910632
000517 1629   0.211786
000518 716217 1.839320
000519 210259 0.771225
000520 187    0.256684
000521 20703  0.378641
000522 2411   0.210701
000523 467    0.216274
000524 129    0.224806
000525 279    0.215054
000526 583    0.210978
000527 22271  0.416640
000528 375    0.210667
000529 893    0.199328
000530 140749 0.585930
000531 882877 2.253334
000532 189    0.253968
000533 269    0.260223
000534 67     0.268657
000535 1583   0.207202
000536 27689  0.394669
000537 1355   0.210332
000538 30533  0.373825
000539 2989   0.199063
000540 9001   0.330297
000541 23187  0.388666
000542 469    0.204691
000543 2299   0.247064
000544 107    0.224299
000545 289    0.269896
000546 69     0.246377
000547 538749 1.468717
000548 571013 1.503915
000549 36861  0.418383
000550 16701  0.389857
000551 203579 0.735523
000552 111    0.261261
000553 65099  0.422756
000554 542645 1.418743
000555 1403   0.197434
000556 31267  0.391563
000557 749613 1.912268
000558 175185 0.646688
000559 436649 1.156599
000560 53     0.320755
000561 10047  0.344282
000562 63083  0.418052
000563 4419   0.194614
000564 13409  0.372362
000565 5483   0.186759
000566 10243  0.384555
000567 1895   0.210554
000568 186793 0.655581
000569 261973 0.802518
000570 296415 0.879767
000571 60945  0.415325
000572 711    0.194093
000573 57     0.245614
000574 5017   0.188559
000575 1225   0.183673
000576 297    0.191919
000577 5115   0.187097
000578 69     0.217391
000579 2263   0.200619
000580 186361 0.726289
000581 347    0.230548
000582 18563  0.363465
000583 6043   0.225219
000584 633125 1.641339
000585 107    0.280374
000586 65141  0.472237
000587 57     0.333333
000588 585675 1.466282
000589 15139  0.369179
000590 1407   0.192608
000591 75     0.253333
000592 1597   0.187226
000593 747    0.188755
000594 3791   0.185703
000595 585    0.186325
000596 165861 0.625439
000597 151    0.264901
000598 3891   0.198664
000599 42345  0.388901
000600 57     0.228070
000601 273    0.205128
000602 563899 1.415550
000603 16723  0.427734
000604 1180279 2.768323
000605 807    0.204461
000606 339309 0.959135
000607 32607  0.361977
000608 201    0.194030
000609 67     0.223881
000610 13859  0.378527
000611 770377 1.907073
000612 5269   0.191118
000613 152441 0.626144
000614 47     0.297872
000615 57     0.245614
000616 247129 0.773972
000617 751    0.209055
000618 127    0.204724
000619 3285   0.190868
000620 7675   0.260065
000621 1473   0.188052
000622 1865   0.191957
000623 153    0.196078
000624 30993  0.353919
000625 354171 0.977087
000626 6685   0.205086
000627 2151   0.195258
000628 876071 2.094933
000629 3153   0.212496
000630 66577  0.433949
000631 157    0.210191
000632 320823 0.927864
000633 17677  0.349890
000634 6197   0.193965
000635 3709   0.231060
000636 178651 0.671063
000637 10201  0.389178
000638 73     0.232877
000639 231    0.199134
000640 137229 0.558789
000641 95     0.263158
000642 39     0.256410
000643 8797   0.306582
000644 3329   0.185341
000645 350971 0.970026
000646 150643 0.587336
000647 347761 0.968475
000648 149637 0.586927
000649 191    0.246073
000650 241    0.199170
000651 39883  0.390693
000652 145    0.206897
000653 1014217 2.439669
000654 978631 2.264315
000655 81     0.283951
000656 3609   0.240510
000657 109201 0.516708
000658 7031   0.243635
000659 876139 2.171337
000660 24037  0.403253
000661 45     0.333333
000662 495    0.216162
000663 1103   0.213962
000664 2991   0.228686
000665 7625   0.299803
000666 24747  0.427042
000667 6699   0.209136
000668 595    0.268908
000669 50999  0.430126
000670 37     0.351351
000671 219    0.237443
000672 41     0.268293
000673 3123   0.198527
000674 537    0.242086
000675 791299 1.917403
000676 6505   0.190623
000677 61027  0.413915
000678 185999 0.662079
000679 168729 0.614933
000680 557751 1.412792
000681 30079  0.364374
000682 67     0.223881
000683 13399  0.372714
000684 243    0.213992
000685 239545 0.779060
000686 6037   0.198774
000687 1119   0.227882
000688 17209  0.347376
000689 634191 1.573239
000690 3751   0.209278
000691 905    0.185635
000692 137    0.218978
000693 4345   0.188032
000694 458295 1.229228
000695 51359  0.410775
000696 127    0.204724
000697 37     0.243243
000698 115    0.208696
000699 16417  0.358470
000700 1385   0.187004
000701 153    0.202614
000702 19811  0.356115
000703 113433 0.522555
000704 49     0.306122
000705 12587  0.409391
000706 101    0.217822
000707 6949   0.224493
000708 559    0.203936
000709 1048113 2.461724
000710 443691 1.148953
000711 83     0.698795
000712 173369 0.626525
000713 9819   0.335879
000714 1237   0.193209
000715 1223   0.188062
000716 41     0.243902
000717 75587  0.446452
000718 982411 2.334769
000719 781    0.203585
000720 432201 1.204782
000721 239387 0.777223
000722 757    0.206077
000723 802421 2.004797
000724 969    0.220846
000725 21095  0.406020
000726 150787 0.636036
000727 3247   0.199261
000728 7311   0.282451
000729 71     0.239437
000730 531141 1.455770
000731 1927   0.192527
000732 1171   0.236550
000733 475    0.229474
000734 35331  0.416405
000735 2423   0.200165
000736 4483   0.201651
000737 1375   0.215273
000738 56743  0.412756
000739 2675   0.204486
000740 919    0.201306
000741 45     0.222222
000742 1949   0.199076
000743 305685 0.999385
000744 193    0.259067
000745 5823   0.224283
000746 1048635 2.529426
000747 501471 1.338450
000748 16963  0.369274
000749 319    0.244514
000750 317    0.208202
000751 41     0.292683
000752 79863  0.521794
000753 41137  0.412257
000754 62213  0.463778
000755 10379  0.403892
000756 63     0.285714
000757 6019   0.224124
000758 115    0.234783
000759 59     0.254237
000760 905    0.220994
000761 1367   0.201902
000762 8911   0.343957
000763 531    0.201507
000764 23047  0.394064
000765 26511  0.368526
000766 89103  0.510847
000767 44769  0.423284
000768 79     0.265823
000769 81     0.259259
000770 4395   0.220933
000771 5271   0.207740
000772 55     0.254545
000773 551    0.235935
000774 1573   0.206612
000775 52953  0.432686
000776 1047253 2.409669
000777 30517  0.368385
000778 259451 0.811991
000779 2221   0.198109
000780 6039   0.189104
000781 2203   0.186564
000782 3009   0.188102
000783 8105   0.302406
000784 9137   0.307979
000785 326111 0.937874
000786 6061   0.191058
000787 55     0.236364
000788 249503 0.803970
000789 682349 1.696553
000790 495    0.222222
000791 469    0.196162
000792 1383   0.188720
000793 57     0.280702
000794 18441  0.342498
000795 14259  0.410548
000796 819677 1.926603
000797 63     0.285714
000798 74865  0.469552
000799 10815  0.361073
000800 29539  0.358712
000801 14013  0.386998
000802 195    0.200000
000803 59     0.220339
000804 47089  0.385440
000805 795715 1.987425
000806 116075 0.526677
000807 3599   0.206446
000808 57639  0.441888
000809 16937  0.385192
000810 4385   0.203649
000811 1697   0.215675
000812 31399  0.380713
000813 143    0.216783
000814 357    0.210084
000815 8391   0.302348
000816 129    0.217054
000817 11389  0.393274
000818 66085  0.428796
000819 149305 0.620823
000820 4945   0.191709
000821 31091  0.364125
000822 57     0.228070
000823 90049  0.481371
000824 4981   0.189721
000825 95     0.221053
000826 7153   0.249126
000827 231411 0.758585
000828 712455 1.730033
000829 455793 1.185433
000830 9219   0.370214
000831 205    0.200000
000832 665    0.222556
000833 26039  0.374285
000834 341    0.190616
000835 470683 1.267312
000836 2091   0.194165
000837 18455  0.347711
000838 3645   0.185734
000839 180335 0.675304
000840 3039   0.216190
000841 687    0.199418
000842 40135  0.406179
000843 63     0.253968
000844 609    0.197044
000845 184049 0.655977
000846 105    0.247619
000847 1015   0.234483
000848 5153   0.199495
000849 1183439 2.679210
000850 29069  0.367126
000851 941239 2.260703
000852 499451 1.267540
000853 699    0.213162
000854 905    0.187845
000855 63181  0.422928
000856 27493  0.377696
000857 2067   0.190131
000858 456147 1.204649
000859 126375 0.541365
000860 4535   0.190518
000861 1087709 2.475442
000862 1333   0.216804
000863 941    0.188098
000864 12061  0.405107
000865 1073327 2.486513
000866 825    0.203636
000867 315955 0.917571
000868 12277  0.393337
000869 4485   0.188183
000870 137    0.204380
000871 3295   0.202731
000872 987    0.188450
000873 497    0.191147
000874 779    0.187420
000875 102953 0.495051
000876 79     0.265823
000877 157    0.210191
000878 23097  0.385548
000879 2175   0.205517
000880 579433 1.521905
000881 83     0.301205
000882 167    0.233533
000883 93789  0.523238
000884 541    0.240296
000885 14967  0.405626
000886 65501  0.457459
000887 1041   0.201729
000888 2701   0.212884
000889 109    0.275229
000890 29555  0.372526
000891 282399 0.907369
000892 571    0.218914
000893 10643  0.357324
000894 3051   0.185513
000895 95     0.221053
000896 63     0.222222
000897 22061  0.377544
000898 404657 1.156093
000899 16359  0.370377
000900 188039 0.718298
000901 877    0.222349
000902 708401 1.755811
000903 2341   0.201623
000904 112267 0.517694
000905 593905 1.480641
000906 355    0.233803
000907 374543 1.049257
000908 53     0.320755
000909 19739  0.344293
000910 69     0.289855
000911 134373 0.583339
000912 37507  0.413256
000913 8617   0.290820
000914 187957 0.679773
000915 459    0.222222
000916 539    0.189239
000917 11535  0.382661
000918 51     0.235294
000919 186255 0.705656
000920 35671  0.387794
000921 18167  0.364837
000922 7453   0.268080
000923 289    0.193772
000924 2579   0.185731
000925 2133   0.189873
000926 23211  0.378097
000927 3109   0.187842
000928 824469 2.045697
000929 4517   0.200354
000930 629509 1.582346
000931 32309  0.363769
000932 373761 1.055568
000933 13627  0.377853
000934 33     0.272727
000935 79885  0.452889
000936 10835  0.361790
000937 111    0.216216
000938 13841  0.376996
000939 227    0.198238
000940 239707 0.758184
000941 4865   0.213772
000942 25799  0.387108
000943 71     0.211268
000944 91     0.208791
000945 153    0.196078
000946 40241  0.398375
000947 91     0.241758
000948 1113   0.202156
000949 8945   0.341196
000950 131    0.221374
000951 1491   0.265594
000952 4099   0.213467
000953 1091885 2.696883
000954 227747 0.782522
000955 13625  0.409541
000956 65     0.246154
000957 1555   0.211576
000958 53     0.264151
000959 43     0.232558
000960 3127   0.205309
000961 73909  0.477425
000962 997585 2.443295
000963 35     0.400000
000964 28819  0.419237
000965 5461   0.220106
000966 60893  0.452170
000967 1375   0.208727
000968 144813 0.647014
000969 20925  0.385376
000970 251    0.235060
000971 410659 1.170229
000972 161    0.254658
000973 81     0.222222
000974 329    0.267477
000975 7803   0.286685
000976 123    0.219512
000977 16891  0.361613
000978 135477 0.571558
000979 173    0.265896
000980 5539   0.217909
000981 131    0.229008
000982 2661   0.198797
000983 287859 0.865583
000984 43463  0.377240
000985 2859   0.188527
000986 79161  0.487892
000987 3533   0.221625
000988 650791 1.678276
000989 25435  0.404364
000990 25925  0.410260
000991 111    0.243243
000992 121    0.223140
000993 18129  0.357880
000994 53     0.245283
000995 1189   0.194281
000996 1045199 2.476294
000997 75     0.293333
000998 2453   0.203017
000999 71     0.239437
