000000 463391 1.465069
000001 127    0.165354
000002 61837  0.495771
000003 45     0.600000
000004 173    0.150289
000005 415677 1.209682
000006 1183   0.134404
000007 2279   0.135586
000008 891    0.125701
000009 17789  0.524313
000010 382135 1.151297
000011 22071  0.316977
000012 263773 0.891797
000013 10945  0.471905
000014 442043 1.233228
000015 197197 0.723677
000016 3641   0.227959
000017 642775 1.639431
000018 173197 0.732091
000019 6293   0.123947
000020 36131  0.533974
000021 502381 1.413867
000022 4293   0.129746
000023 35     0.200000
000024 32693  0.442602
000025 417    0.191847
000026 813    0.131611
000027 407    0.130221
000028 50787  0.384587
000029 1024265 2.329350
000030 1669   0.130018
000031 59695  0.577636
000032 9511   0.219535
000033 947    0.133052
000034 76303  0.502667
000035 41     0.292683
000036 7701   0.177639
000037 502027 1.386310
000038 81     0.197531
000039 287    0.139373
000040 2041   0.127389
000041 455679 1.310045
000042 1093   0.134492
000043 6549   0.129180
000044 272063 0.926102
000045 14847  0.516131
000046 204283 0.825903
000047 605009 1.611036
000048 8857   0.198374
000049 21711  0.383170
000050 153183 0.712814
000051 80809  0.520895
000052 2341   0.130713
000053 125    0.160000
000054 213    0.178404
000055 471405 1.351284
000056 971761 2.191258
000057 2563   0.130316
000058 27815  0.362071
000059 71365  0.521740
000060 1013   0.139191
000061 97513  0.534277
000062 87609  0.539054
000063 39     0.256410
000064 720181 1.776708
000065 642823 1.644744
000066 315211 1.007500
000067 646439 1.661872
000068 1821   0.135640
000069 35969  0.366037
000070 56525  0.419478
000071 3145   0.139905
000072 4723   0.129155
000073 12679  0.381655
000074 14007  0.347826
000075 8409   0.193126
000076 657427 1.695761
000077 129    0.170543
000078 1511   0.139643
000079 71009  0.568829
000080 137    0.474453
000081 699    0.320458
000082 43257  0.371755
000083 219    0.150685
000084 113    0.353982
000085 7699   0.232108
000086 1083833 2.343187
000087 26789  0.320990
000088 129    0.178295
000089 1903   0.157120
000090 273563 0.922552
000091 292067 0.950142
000092 39235  0.319918
000093 88699  0.553005
000094 37     0.297297
000095 110493 0.535907
000096 5895   0.140797
000097 202431 0.797501
000098 20551  0.400224
000099 171    0.146199
000100 24541  0.559839
000101 58545  0.441865
000102 2711   0.128366
000103 253    0.193676
000104 1141   0.129711
000105 39981  0.411921
000106 21315  0.481914
000107 70503  0.489738
000108 228529 0.883892
000109 375    0.149333
000110 189    0.349206
000111 33755  0.424500
000112 154233 0.701082
000113 381    0.152231
000114 661573 1.741271
000115 1195   0.175732
000116 7197   0.338752
000117 87     0.172414
000118 1923   0.125845
000119 28737  0.436267
000120 49     0.204082
000121 293    0.143345
000122 747571 1.867799
000123 111    0.180180
000124 3213   0.171491
000125 2641   0.134797
000126 2997   0.123123
000127 355    0.132394
000128 47     0.148936
000129 97     0.175258
000130 387    0.139535
000131 25247  0.312710
000132 9143   0.243356
000133 22729  0.309560
000134 604843 1.588075
000135 4041   0.130908
000136 917319 2.150172
000137 29649  0.295322
000138 43     0.209302
000139 130847 0.603575
000140 644191 1.636550
000141 18059  0.475109
000142 3637   0.124553
000143 17025  0.284934
000144 9903   0.649803
000145 51297  0.479365
000146 29911  0.319682
000147 485847 1.421608
000148 679    0.138439
000149 375    0.290667
000150 2731   0.279751
000151 4575   0.140546
000152 279685 0.963058
000153 129    0.170543
000154 6221   0.336120
000155 815    0.132515
000156 409    0.256724
000157 103    0.165049
000158 483885 1.409498
000159 39     0.256410
000160 25523  0.380480
000161 1503   0.127079
000162 46923  0.495002
000163 594159 1.563856
000164 13059  0.314189
000165 525163 1.497101
000166 73     0.219178
000167 669    0.165919
000168 115    0.165217
000169 484359 1.353302
000170 675    0.162963
000171 89     0.348315
000172 170683 0.736752
000173 86927  0.525682
000174 314669 1.032571
000175 211    0.161137
000176 14647  0.317130
000177 2171   0.122064
000178 984893 2.226566
000179 560407 1.485381
000180 388367 1.207309
000181 65     0.200000
000182 5145   0.125559
000183 11469  0.323481
000184 435451 1.259065
000185 6311   0.128347
000186 1917   0.123109
000187 78441  0.551255
000188 51     0.254902
000189 499    0.342685
000190 187325 0.739229
000191 179    0.173184
000192 8003   0.332000
000193 84771  0.508983
000194 18845  0.361634
000195 65751  0.466654
000196 77     0.207792
000197 24795  0.382658
000198 211    0.345972
000199 7839   0.181146
000200 7013   0.153144
000201 1637   0.163103
000202 33     0.242424
000203 37     0.270270
000204 959147 2.164948
000205 55061  0.344200
000206 3491   0.198510
000207 33     0.575758
000208 415777 1.227670
000209 458007 1.332165
000210 1367   0.130212
000211 90465  0.618482
000212 32359  0.332241
000213 212417 0.840823
000214 13983  0.316670
000215 301    0.142857
000216 200225 0.842203
000217 83     0.289157
000218 35     0.542857
000219 435    0.142529
000220 383    0.318538
000221 651    0.324117
000222 103    0.320388
000223 123    0.162602
000224 22943  0.330907
000225 52519  0.363468
000226 280769 1.165300
000227 4887   0.227747
000228 305    0.140984
000229 734541 1.837244
000230 279    0.394265
000231 40015  0.358341
000232 247303 0.920333
000233 4273   0.144395
000234 51     0.235294
000235 141525 0.677640
000236 942301 2.209255
000237 31013  0.312708
000238 11675  0.382013
000239 1285   0.131518
000240 71495  0.491139
000241 6965   0.162958
000242 6135   0.137571
000243 65     0.169231
000244 1485   0.131987
000245 26309  0.362994
000246 44771  0.530388
000247 41     0.292683
000248 14363  0.416696
000249 61     0.180328
000250 366365 1.153647
000251 401    0.152120
000252 20707  0.414787
000253 605    0.130579
000254 2081   0.125420
000255 11843  0.435278
000256 37983  0.332780
000257 102165 0.766926
000258 71     0.197183
000259 3313   0.124962
000260 460551 1.361901
000261 73     0.205479
000262 309    0.453074
000263 22893  0.494081
000264 56181  0.439063
000265 50943  0.389789
000266 20835  0.325702
000267 226167 0.880433
000268 819    0.134310
000269 4069   0.133694
000270 42317  0.374199
000271 8065   0.212771
000272 10187  0.278296
000273 117    0.153846
000274 636415 1.710912
000275 201471 0.801162
000276 65     0.230769
000277 75     0.200000
000278 27987  0.363883
000279 203    0.162562
000280 77187  0.551803
000281 1131   0.253758
000282 24481  0.470161
000283 1001099 2.338818
000284 42647  0.457523
000285 35339  0.616543
000286 1393   0.287868
000287 413    0.476998
000288 2817   0.126731
000289 58367  0.432368
000290 279777 0.931864
000291 601319 1.637891
000292 25287  0.308973
000293 489    0.134969
000294 679    0.134021
000295 789    0.129278
000296 213417 0.735813
000297 99     0.181818
000298 111    0.234234
000299 57215  0.523919
000300 217609 1.022926
000301 166339 0.773877
000302 525    0.165714
000303 237    0.143460
000304 844035 1.981617
000305 4207   0.137390
000306 126459 0.547822
000307 103915 0.573430
000308 4453   0.133393
000309 45065  0.434506
000310 31243  0.382326
000311 27977  0.299103
000312 111    0.207207
000313 165    0.163636
000314 241    0.145228
000315 23809  0.335587
000316 259    0.189189
000317 105    0.152381
000318 23601  0.324817
000319 94031  0.552573
000320 55     0.254545
000321 1879   0.131453
000322 67     0.164179
000323 1285   0.127626
000324 2755   0.123049
000325 11899  0.374233
000326 73873  0.518363
000327 447    0.152125
000328 839321 1.961061
000329 221241 0.858566
000330 213495 0.841715
000331 277    0.155235
000332 11663  0.498671
000333 6089   0.124158
000334 23965  0.626873
000335 53389  0.426024
000336 203    0.157635
000337 481    0.143451
000338 35     0.200000
000339 106199 0.527764
000340 633919 1.665172
000341 45     0.244444
000342 17591  0.404241
000343 79985  0.501044
000344 27277  0.355024
000345 540415 1.534878
000346 2249   0.128946
000347 487    0.135524
000348 254491 0.921761
000349 91111  0.506415
000350 331    0.220544
000351 451    0.192905
000352 207    0.154589
000353 209    0.153110
000354 777    0.160875
000355 2455   0.127902
000356 2309   0.123863
000357 3381   0.132801
000358 35     0.228571
000359 6649   0.144683
000360 93     0.150538
000361 73     0.164384
000362 4781   0.142857
000363 498513 1.450265
000364 15177  0.467418
000365 132901 0.621463
000366 1167559 2.474919
000367 32277  0.302104
000368 97     0.154639
000369 22795  0.472253
000370 70293  0.498442
000371 235    0.157447
000372 1009163 2.231619
000373 47     0.212766
000374 2985   0.125963
000375 705    0.133333
000376 478421 1.379636
000377 209    0.157895
000378 5379   0.124744
000379 2857   0.126356
000380 567495 1.500718
000381 3367   0.128304
000382 33     0.181818
000383 705    0.236879
000384 1825   0.126575
000385 135    0.229630
000386 271    0.228782
000387 626867 1.589828
000388 623    0.141252
000389 915317 2.098742
000390 172599 0.707397
000391 2845   0.257293
000392 289    0.449827
000393 59561  0.458152
000394 675419 1.703750
000395 53153  0.367373
000396 385    0.145455
000397 4213   0.126513
000398 57393  0.488648
000399 135    0.162963
000400 307    0.192182
000401 76621  0.526892
000402 3919   0.132687
000403 144125 0.680833
000404 81     0.172840
000405 439731 1.240738
000406 731    0.134063
000407 23209  0.359473
000408 26563  0.329895
000409 705689 1.735264
000410 14937  0.304880
000411 53     0.169811
000412 9725   0.307558
000413 22097  0.523057
000414 40597  0.451511
000415 441605 1.248201
000416 527    0.142315
000417 99     0.161616
000418 183    0.245902
000419 6855   0.138731
000420 37     0.189189
000421 117973 0.595484
000422 49     0.244898
000423 149    0.194631
000424 1933   0.126229
000425 231265 0.867265
000426 51     0.254902
000427 20059  0.301860
000428 2207   0.132759
000429 10545  0.320057
000430 374219 1.204129
000431 692709 1.722488
000432 61     0.229508
000433 2525   0.129505
000434 93     0.161290
000435 300831 0.984034
000436 17495  0.309688
000437 4101   0.123628
000438 387    0.131783
000439 198003 0.751019
000440 4389   0.137845
000441 197819 0.785501
000442 1941   0.221020
000443 50785  0.695737
000444 55     0.236364
000445 14573  0.569958
000446 1146851 2.451316
000447 337    0.148368
000448 445    0.141573
000449 77     0.207792
000450 185    0.162162
000451 1535   0.133550
000452 31769  0.355441
000453 23173  0.373970
000454 97957  0.536960
000455 703621 1.761323
000456 10151  0.260270
000457 2919   0.125385
000458 1007   0.127110
000459 6777   0.124244
000460 107    0.168224
000461 57     0.157895
000462 515439 1.424632
000463 249    0.188755
000464 49     0.428571
000465 633    0.134281
000466 4731   0.140774
000467 25421  0.316313
000468 974115 2.146812
000469 39     0.256410
000470 6297   0.134667
000471 1439   0.205003
000472 75     0.200000
000473 733851 1.755584
000474 5171   0.142332
000475 227    0.127753
000476 5689   0.162243
000477 3721   0.175222
000478 4111   0.128679
000479 1545   0.221359
000480 183311 0.745656
000481 9433   0.203435
000482 141681 0.629830
000483 102861 0.544735
000484 65     0.200000
000485 111    0.198198
000486 4577   0.141577
000487 199    0.150754
000488 285    0.140351
000489 137    0.153285
000490 12463  0.347107
000491 487    0.168378
000492 623    0.131621
000493 121745 0.537788
000494 379743 1.164330
000495 41057  0.389921
000496 8543   0.184830
000497 970309 2.148810
000498 108319 0.500549
000499 3281   0.123743
000500 59     0.254237
000501 5459   0.147829
000502 99     0.161616
000503 53     0.188679
000504 33     0.242424
000505 367491 1.160306
000506 153927 0.688190
000507 56135  0.410831
000508 431    0.153132
000509 1003501 2.182900
000510 375687 1.131807
000511 401    0.331671
000512 97     0.154639
000513 12951  0.333102
000514 1331   0.130729
000515 81765  0.544340
000516 305891 0.957263
000517 1629   0.126458
000518 716217 1.729547
000519 210259 0.784418
000520 187    0.219251
000521 20703  0.298266
000522 2411   0.149316
000523 467    0.126338
000524 129    0.155039
000525 279    0.318996
000526 583    0.133791
000527 22271  0.327287
000528 375    0.296000
000529 893    0.138858
000530 140749 0.619685
000531 882877 2.012326
000532 189    0.164021
000533 269    0.144981
000534 67     0.179104
000535 1583   0.128869
000536 27689  0.430785
000537 1355   0.149815
000538 30533  0.358268
000539 2989   0.124791
000540 9001   0.195312
000541 23187  0.338336
000542 469    0.136461
000543 2299   0.121792
000544 107    0.401869
000545 289    0.155709
000546 69     0.173913
000547 538749 1.451321
000548 571013 1.510370
000549 36861  0.314696
000550 16701  0.323633
000551 203579 0.807063
000552 111    0.459459
000553 65099  0.608857
000554 542645 1.472086
000555 1403   0.141839
000556 31267  0.312694
000557 749613 1.825691
000558 175185 0.733311
000559 436649 1.291216
000560 53     0.660377
000561 10047  0.217776
000562 63083  0.498756
000563 4419   0.296447
000564 13409  0.607726
000565 5483   0.161590
000566 10243  0.217807
000567 1895   0.122427
000568 186793 0.718640
000569 261973 0.932428
000570 296415 0.980996
000571 60945  0.730987
000572 711    0.302391
000573 57     0.245614
000574 5017   0.265298
000575 1225   0.154286
000576 297    0.141414
000577 5115   0.125318
000578 69     0.202899
000579 2263   0.125939
000580 186361 0.733265
000581 347    0.149856
000582 18563  0.363357
000583 6043   0.141982
000584 633125 1.635281
000585 107    0.158879
000586 65141  0.434995
000587 57     0.368421
000588 585675 1.536647
000589 15139  0.307022
000590 1407   0.123667
000591 75     0.173333
000592 1597   0.127113
000593 747    0.145917
000594 3791   0.127143
000595 585    0.131624
000596 165861 0.836731
000597 151    0.172185
000598 3891   0.241326
000599 42345  0.434951
000600 57     0.210526
000601 273    0.150183
000602 563899 1.467862
000603 16723  0.292890
000604 1180279 2.486277
000605 807    0.298637
000606 339309 1.123203
000607 32607  0.373877
000608 201    0.149254
000609 67     0.164179
000610 13859  0.346490
000611 770377 1.868044
000612 5269   0.127159
000613 152441 0.763102
000614 47     0.255319
000615 57     0.228070
000616 247129 0.887431
000617 751    0.141145
000618 127    0.291339
000619 3285   0.145510
000620 7675   0.315179
000621 1473   0.143924
000622 1865   0.165147
000623 153    0.150327
000624 30993  0.293002
000625 354171 1.168899
000626 6685   0.137322
000627 2151   0.122734
000628 876071 2.016825
000629 3153   0.127498
000630 66577  0.584436
000631 157    0.171975
000632 320823 1.018228
000633 17677  0.346439
000634 6197   0.126029
000635 3709   0.129415
000636 178651 0.734029
000637 10201  0.282815
000638 73     0.219178
000639 231    0.160173
000640 137229 0.716926
000641 95     0.189474
000642 39     0.205128
000643 8797   0.449585
000644 3329   0.124962
000645 350971 1.150488
000646 150643 0.698287
000647 347761 1.108120
000648 149637 0.714770
000649 191    0.178010
000650 241    0.149378
000651 39883  0.358950
000652 145    0.165517
000653 1014217 2.254756
000654 978631 2.218938
000655 81     0.185185
000656 3609   0.127182
000657 109201 0.601643
000658 7031   0.204523
000659 876139 2.038380
000660 24037  0.315888
000661 45     0.200000
000662 495    0.202020
000663 1103   0.155938
000664 2991   0.129388
000665 7625   0.331672
000666 24747  0.387966
000667 6699   0.261084
000668 595    0.129412
000669 50999  0.401753
000670 37     0.243243
000671 219    0.205479
000672 41     0.219512
000673 3123   0.141531
000674 537    0.134078
000675 791299 1.871753
000676 6505   0.129285
000677 61027  0.569158
000678 185999 0.736025
000679 168729 0.730023
000680 557751 1.530911
000681 30079  0.329399
000682 67     0.194030
000683 13399  0.435555
000684 243    0.144033
000685 239545 0.909887
000686 6037   0.127712
000687 1119   0.129580
000688 17209  0.402754
000689 634191 1.692626
000690 3751   0.126366
000691 905    0.124862
000692 137    0.379562
000693 4345   0.128654
000694 458295 1.475515
000695 51359  0.403551
000696 127    0.157480
000697 37     0.243243
000698 115    0.165217
000699 16417  0.443747
000700 1385   0.241877
000701 153    0.150327
000702 19811  0.322649
000703 113433 0.545855
000704 49     0.244898
000705 12587  0.373639
000706 101    0.217822
000707 6949   0.162757
000708 559    0.148479
000709 1048113 2.343962
000710 443691 1.340390
000711 83     0.180723
000712 173369 0.732530
000713 9819   0.252368
000714 1237   0.143088
000715 1223   0.130826
000716 41     0.219512
000717 75587  0.507746
000718 982411 2.232343
000719 781    0.134443
000720 432201 1.266159
000721 239387 0.865937
000722 757    0.140026
000723 802421 1.925884
000724 969    0.133127
000725 21095  0.439678
000726 150787 0.698681
000727 3247   0.131814
000728 7311   0.255369
000729 71     0.183099
000730 531141 1.515204
000731 1927   0.132330
000732 1171   0.134073
000733 475    0.134737
000734 35331  0.338654
000735 2423   0.129179
000736 4483   0.137185
000737 1375   0.134545
000738 56743  0.394939
000739 2675   0.158879
000740 919    0.162133
000741 45     0.200000
000742 1949   0.140585
000743 305685 1.039626
000744 193    0.170984
000745 5823   0.266358
000746 1048635 2.286985
000747 501471 1.438727
000748 16963  0.405117
000749 319    0.147335
000750 317    0.148265
000751 41     0.195122
000752 79863  0.581133
000753 41137  0.429394
000754 62213  0.478469
000755 10379  0.367955
000756 63     0.190476
000757 6019   0.123442
000758 115    0.147826
000759 59     0.186441
000760 905    0.129282
000761 1367   0.142648
000762 8911   0.204242
000763 531    0.173258
000764 23047  0.336226
000765 26511  0.323111
000766 89103  0.532058
000767 44769  0.371753
000768 79     0.202532
000769 81     0.172840
000770 4395   0.125825
000771 5271   0.128059
000772 55     0.200000
000773 551    0.134301
000774 1573   0.123331
000775 52953  0.375333
000776 1047253 2.274076
000777 30517  0.291346
000778 259451 0.910700
000779 2221   0.135525
000780 6039   0.126842
000781 2203   0.122106
000782 3009   0.193752
000783 8105   0.203701
000784 9137   0.209150
000785 326111 1.059136
000786 6061   0.134631
000787 55     0.218182
000788 249503 0.915921
000789 682349 1.698978
000790 495    0.145455
000791 469    0.136461
000792 1383   0.154013
000793 57     0.175439
000794 18441  0.322000
000795 14259  0.377446
000796 819677 1.901719
000797 63     0.206349
000798 74865  0.576157
000799 10815  0.498104
000800 29539  0.311385
000801 14013  0.416185
000802 195    0.143590
000803 59     0.220339
000804 47089  0.359128
000805 795715 1.924739
000806 116075 0.524678
000807 3599   0.150042
000808 57639  0.481254
000809 16937  0.410994
000810 4385   0.132269
000811 1697   0.177372
000812 31399  0.325902
000813 143    0.167832
000814 357    0.176471
000815 8391   0.195567
000816 129    0.155039
000817 11389  0.349811
000818 66085  0.469607
000819 149305 0.688865
000820 4945   0.163195
000821 31091  0.374899
000822 57     0.228070
000823 90049  0.643128
000824 4981   0.142542
000825 95     0.157895
000826 7153   0.264085
000827 231411 0.906971
000828 712455 1.794373
000829 455793 1.387489
000830 9219   0.196768
000831 205    0.146341
000832 665    0.139850
000833 26039  0.384999
000834 341    0.140762
000835 470683 1.304829
000836 2091   0.210904
000837 18455  0.399621
000838 3645   0.134431
000839 180335 0.682064
000840 3039   0.124054
000841 687    0.244541
000842 40135  0.348025
000843 63     0.190476
000844 609    0.134647
000845 184049 0.725769
000846 105    0.171429
000847 1015   0.164532
000848 5153   0.143218
000849 1183439 2.461329
000850 29069  0.294988
000851 941239 2.116245
000852 499451 1.381979
000853 699    0.137339
000854 905    0.121547
000855 63181  0.471154
000856 27493  0.311570
000857 2067   0.125786
000858 456147 1.278562
000859 126375 0.515656
000860 4535   0.123043
000861 1087709 2.346010
000862 1333   0.126782
000863 941    0.122210
000864 12061  0.415554
000865 1073327 2.326101
000866 825    0.135758
000867 315955 1.021272
000868 12277  0.359778
000869 4485   0.123746
000870 137    0.145985
000871 3295   0.143247
000872 987    0.141844
000873 497    0.167002
000874 779    0.125802
000875 102953 0.511564
000876 79     0.164557
000877 157    0.191083
000878 23097  0.354202
000879 2175   0.129655
000880 579433 1.506124
000881 83     0.168675
000882 167    0.143713
000883 93789  0.537249
000884 541    0.133087
000885 14967  0.306942
000886 65501  0.446573
000887 1041   0.142171
000888 2701   0.123658
000889 109    0.211009
000890 29555  0.460159
000891 282399 0.921505
000892 571    0.133100
000893 10643  0.569858
000894 3051   0.122583
000895 95     0.147368
000896 63     0.253968
000897 22061  0.309959
000898 404657 1.167181
000899 16359  0.372394
000900 188039 0.713964
000901 877    0.132269
000902 708401 1.737657
000903 2341   0.127723
000904 112267 0.495239
000905 593905 1.509590
000906 355    0.154930
000907 374543 1.153251
000908 53     0.207547
000909 19739  0.331577
000910 69     0.173913
000911 134373 0.609765
000912 37507  0.369264
000913 8617   0.186608
000914 187957 0.720117
000915 459    0.141612
000916 539    0.135436
000917 11535  0.355007
000918 51     0.196078
000919 186255 0.721618
000920 35671  0.374954
000921 18167  0.293389
000922 7453   0.162887
000923 289    0.145329
000924 2579   0.122916
000925 2133   0.120956
000926 23211  0.359700
000927 3109   0.179479
000928 824469 2.009684
000929 4517   0.123091
000930 629509 1.583555
000931 32309  0.299297
000932 373761 1.179842
000933 13627  0.465400
000934 33     0.212121
000935 79885  0.512399
000936 10835  0.441624
000937 111    0.144144
000938 13841  0.404595
000939 227    0.149780
000940 239707 0.821186
000941 4865   0.256526
000942 25799  0.307337
000943 71     0.197183
000944 91     0.164835
000945 153    0.633987
000946 40241  0.355682
000947 91     0.494505
000948 1113   0.131177
000949 8945   0.226719
000950 131    0.145038
000951 1491   0.171697
000952 4099   0.123445
000953 1091885 2.321272
000954 227747 0.838558
000955 13625  0.557431
000956 65     0.169231
000957 1555   0.214791
000958 53     0.188679
000959 43     0.209302
000960 3127   0.125999
000961 73909  0.499547
000962 997585 2.190139
000963 35     0.228571
000964 28819  0.350602
000965 5461   0.141549
000966 60893  0.430953
000967 1375   0.128727
000968 144813 0.654527
000969 20925  0.389008
000970 251    0.143426
000971 410659 1.178520
000972 161    0.173913
000973 81     0.234568
000974 329    0.300912
000975 7803   0.273485
000976 123    0.317073
000977 16891  0.295424
000978 135477 0.582549
000979 173    0.167630
000980 5539   0.127640
000981 131    0.305344
000982 2661   0.127020
000983 287859 0.904002
000984 43463  0.409613
000985 2859   0.123470
000986 79161  0.552267
000987 3533   0.168129
000988 650791 1.615439
000989 25435  0.305799
000990 25925  0.359614
000991 111    0.306306
000992 121    0.371901
000993 18129  0.491698
000994 53     0.188679
000995 1189   0.126156
000996 1045199 2.332191
000997 75     0.186667
000998 2453   0.126376
000999 71     0.183099
001000 273149 0.897506
001001 92745  0.543566
001002 54553  0.474309
001003 14125  0.606230
001004 74295  0.506346
001005 36731  0.317007
001006 513    0.183236
001007 327    0.140673
001008 485    0.134021
001009 62245  0.484649
001010 20841  0.344945
001011 421567 1.176202
001012 28431  0.453871
001013 139    0.388489
001014 130657 0.587477
001015 221    0.153846
001016 54487  0.379962
001017 177    0.214689
001018 117    0.162393
001019 197    0.248731
001020 402071 1.179170
001021 443619 1.232921
001022 195    0.487179
001023 12293  0.446352
001024 9011   0.191322
001025 24465  0.390067
001026 30299  0.295983
001027 3597   0.124826
001028 1453   0.121129
001029 633    0.123223
001030 2215   0.145824
001031 557    0.272890
001032 24599  0.313143
001033 1017   0.164208
001034 261    0.218391
001035 5745   0.123586
001036 252851 0.865170
001037 1065   0.164319
001038 14579  0.338363
001039 17047  0.319528
001040 983    0.124110
001041 113899 0.506861
001042 40549  0.359244
001043 92919  0.508841
001044 37801  0.336129
001045 87     0.172414
001046 2851   0.123816
001047 965    0.128497
001048 133    0.135338
001049 1113   0.134771
001050 435073 1.226374
001051 185    0.156757
001052 28087  0.363157
001053 275503 0.892945
001054 19015  0.347831
001055 260875 0.914254
001056 330015 0.993367
001057 1090079 2.319606
001058 2757   0.124773
001059 5923   0.121560
001060 57     0.210526
001061 83     0.180723
001062 3783   0.210944
001063 18983  0.295001
001064 1341   0.123043
001065 269393 0.888869
001066 375817 1.158747
001067 3605   0.137864
001068 361    0.144044
001069 853    0.182884
001070 325    0.138462
001071 16723  0.551875
001072 13015  0.463542
001073 3619   0.187345
001074 196015 0.746754
001075 4791   0.123982
001076 29115  0.357822
001077 161    0.155280
001078 75     0.173333
001079 263833 0.895483
001080 8993   0.201935
001081 591527 1.495940
001082 5109   0.128988
001083 35     0.200000
001084 9833   0.280281
001085 515    0.178641
001086 1599   0.125704
001087 5713   0.171539
001088 41     0.195122
001089 6543   0.122879
001090 5493   0.126161
001091 11857  0.576453
001092 49     0.183673
001093 74877  0.493382
001094 23553  0.383730
001095 73     0.273973
001096 14449  0.325420
001097 47787  0.364953
001098 159455 0.706657
001099 78975  0.641026
001100 231    0.298701
001101 9847   0.210927
001102 11751  0.501574
001103 443    0.139955
001104 393    0.132316
001105 875565 2.020512
001106 11723  0.323808
001107 668123 1.682784
001108 203    0.162562
001109 2583   0.324816
001110 8815   0.210437
001111 13317  0.449576
001112 1361   0.133725
001113 969    0.123839
001114 4817   0.177704
001115 6063   0.123536
001116 461    0.208243
001117 543    0.128913
001118 191    0.136126
001119 983    0.126144
001120 14207  0.375801
001121 1049837 2.291816
001122 8003   0.184806
001123 587    0.127768
001124 95     0.168421
001125 41459  0.524422
001126 1317   0.127563
001127 6463   0.128269
001128 168687 0.729149
001129 19773  0.367319
001130 365351 1.200848
001131 351863 1.207262
001132 74647  0.828848
001133 149    0.187919
001134 744393 1.914647
001135 56501  0.509018
001136 523361 1.525498
001137 13621  0.311211
001138 171459 0.704011
001139 3959   0.145491
001140 39745  0.525072
001141 1061511 2.325442
001142 561    0.142602
001143 57     0.192982
001144 45     0.222222
001145 185    0.151351
001146 11581  0.646317
001147 6607   0.143030
001148 618371 1.647472
001149 71     0.211268
001150 1063   0.133584
001151 9347   0.205841
001152 123    0.308943
001153 3339   0.140761
001154 271    0.162362
001155 227    0.140969
001156 13941  0.386199
001157 3325   0.151579
001158 645    0.136434
001159 126045 0.562156
001160 29737  0.371591
001161 35     0.285714
001162 76085  0.522127
001163 141    0.170213
001164 192977 0.728983
001165 1194469 2.500044
001166 67     0.328358
001167 309    0.142395
001168 200081 0.826840
001169 541    0.301294
001170 17057  0.291200
001171 47     0.212766
001172 148845 0.710316
001173 3567   0.165125
001174 805    0.141615
001175 61135  0.468324
001176 545    0.165138
001177 3175   0.132283
001178 47     0.212766
001179 877    0.129989
001180 103425 0.535635
001181 14585  0.403565
001182 139    0.158273
001183 9507   0.249395
001184 143    0.146853
001185 26989  0.305606
001186 95945  0.558226
001187 370007 1.158897
001188 12875  0.325437
001189 397    0.151134
001190 735    0.127891
001191 101    0.297030
001192 375    0.242667
001193 333    0.147147
001194 897    0.134894
001195 23403  0.678674
001196 156143 0.738394
001197 121    0.173554
001198 859    0.138533
001199 613    0.140294
001200 3573   0.129863
001201 37827  0.339546
001202 97     0.175258
001203 206689 0.821868
001204 53611  0.364888
001205 771    0.145266
001206 107821 0.554048
001207 971219 2.187741
001208 173    0.167630
001209 143189 0.733471
001210 81     0.209877
001211 1054247 2.312135
001212 45     0.244444
001213 36139  0.456626
001214 39285  0.316940
001215 729835 1.823637
001216 163    0.177914
001217 32015  0.409214
001218 365853 1.141773
001219 888457 2.079716
001220 333913 1.093273
001221 80315  0.510540
001222 4707   0.267262
001223 2635   0.148767
001224 27097  0.306344
001225 258573 0.891010
001226 64947  0.467458
001227 139    0.165468
001228 229    0.152838
001229 1671   0.199282
001230 911    0.147091
001231 1341   0.197614
001232 163    0.171779
001233 672839 1.682868
001234 377299 1.191641
001235 135367 0.576012
001236 44851  0.355979
001237 8787   0.200068
001238 67     0.179104
001239 311    0.151125
001240 91057  0.539365
001241 3709   0.135346
001242 71     0.338028
001243 130215 0.607273
001244 11137  0.386819
001245 34963  0.385665
001246 396225 1.228262
001247 939    0.134185
001248 382209 1.173437
001249 509    0.149312
001250 284653 0.977538
001251 567    0.146384
001252 643    0.290824
001253 14675  0.683066
001254 309    0.398058
001255 3223   0.126900
001256 143189 0.694425
001257 47     0.234043
001258 82917  0.530820
001259 165    0.230303
001260 114079 0.578038
001261 990031 2.215770
001262 10241  0.245191
001263 71723  0.555192
001264 32079  0.358178
001265 35753  0.310883
001266 2377   0.143879
001267 115    0.156522
001268 756865 1.829618
001269 1130065 2.430791
001270 2909   0.128567
001271 85     0.152941
001272 1026017 2.275267
001273 35235  0.317894
001274 207495 0.839321
001275 52553  0.341617
001276 85     0.176471
001277 11631  0.370218
001278 65     0.215385
001279 475733 1.373676
001280 102717 0.515513
001281 375945 1.247031
001282 117    0.170940
001283 23389  0.344735
001284 5291   0.124362
001285 197    0.172589
001286 923    0.140845
001287 5757   0.153205
001288 585915 1.516793
001289 15735  0.299650
001290 36987  0.364263
001291 213    0.230047
001292 439    0.189066
001293 22609  0.346499
001294 47557  0.391572
001295 85     0.188235
001296 2055   0.127007
001297 617785 1.629675
001298 255    0.152941
001299 393839 1.200823
001300 177    0.163842
001301 1185   0.168776
001302 273    0.139194
001303 137031 0.612124
001304 37     0.243243
001305 99437  0.539336
001306 51     0.254902
001307 9397   0.208790
001308 505013 1.460578
001309 21059  0.369628
001310 62655  0.483138
001311 157    0.178344
001312 113    0.168142
001313 177329 0.724016
001314 135    0.177778
001315 1575   0.128254
001316 47779  0.389125
001317 36143  0.485599
001318 4445   0.129584
001319 6161   0.177244
001320 390099 1.202569
001321 2145   0.130536
001322 251    0.219124
001323 34573  0.320221
001324 66573  0.476695
001325 717    0.135286
001326 430239 1.235755
001327 111    0.207207
001328 131    0.213740
001329 551    0.141561
001330 217545 0.865297
001331 49     0.224490
001332 164905 0.711228
001333 70615  0.548297
001334 90699  0.545596
001335 280483 0.960810
001336 277    0.158845
001337 1419   0.152220
001338 248789 0.949097
001339 5225   0.167273
001340 172267 0.728834
001341 1047   0.143266
001342 28855  0.350511
001343 46205  0.464322
001344 22723  0.332438
001345 282789 0.937579
001346 59901  0.655999
001347 619311 1.603287
001348 329    0.155015
001349 164411 0.738929
001350 174731 0.735897
001351 6647   0.164886
001352 247    0.165992
001353 635    0.149606
001354 1569   0.149777
001355 136189 0.597677
001356 99     0.191919
001357 89     0.157303
001358 39183  0.344129
001359 275    0.149091
001360 39969  0.364007
001361 360057 1.109105
001362 211833 0.898033
001363 487381 1.361701
001364 313    0.150160
001365 15017  0.389692
001366 127    0.165354
001367 4205   0.124376
001368 113    0.185841
001369 54299  0.381738
001370 75201  0.508477
001371 134217 0.578809
001372 336111 1.097661
001373 345    0.153623
001374 42025  0.366805
001375 4331   0.131609
001376 36597  0.363363
001377 217961 0.877643
001378 4783   0.200711
001379 957677 2.200894
001380 27657  0.313881
001381 239    0.158996
001382 233    0.403433
001383 431    0.150812
001384 825    0.133333
001385 73603  0.542967
001386 3685   0.158480
001387 799    0.140175
001388 155    0.148387
001389 565    0.136283
001390 15563  0.307267
001391 1329   0.122649
001392 5731   0.125982
001393 795    0.144654
001394 339    0.138643
001395 108927 0.533063
001396 420891 1.253315
001397 77159  0.562293
001398 46751  0.507818
001399 617413 1.609900
001400 279069 0.973096
001401 37     0.459459
001402 669    0.142003
001403 91     0.175824
001404 33     0.242424
001405 1593   0.142498
001406 405    0.138272
001407 28853  0.374658
001408 125    0.160000
001409 15573  0.348552
001410 48693  0.393198
001411 431    0.327146
001412 103    0.388350
001413 1127691 2.420984
001414 314241 1.062684
001415 858923 2.009172
001416 26117  0.472221
001417 767    0.138201
001418 122081 0.568475
001419 87     0.252874
001420 16823  0.290376
001421 21413  0.360996
001422 571    0.143608
001423 149    0.161074
001424 35     0.257143
001425 32103  0.343893
001426 7983   0.308030
001427 223    0.143498
001428 341    0.131965
001429 63     0.174603
001430 27441  0.359207
001431 63     0.190476
001432 4189   0.126999
001433 430355 1.252275
001434 93     0.182796
001435 41     0.195122
001436 112837 0.585163
001437 1086889 2.364322
001438 400971 1.204923
001439 11779  0.346124
001440 295    0.254237
001441 2547   0.129957
001442 113093 0.549769
001443 17481  0.380470
001444 723657 1.799775
001445 2221   0.191355
001446 1181   0.243014
001447 626065 1.597879
001448 773    0.137128
001449 6349   0.124114
001450 383    0.436031
001451 1093907 2.388878
001452 205    0.151220
001453 33427  0.364885
001454 152845 0.695155
001455 26641  0.367178
001456 22079  0.349201
001457 1479   0.125761
001458 97895  0.536340
001459 50713  0.397590
001460 185    0.156757
001461 21771  0.321207
001462 41359  0.313862
001463 230165 0.880534
001464 413    0.154964
001465 197    0.223350
001466 12535  0.329079
001467 11191  0.464748
001468 85     0.576471
001469 20417  0.315815
001470 2549   0.123578
001471 42869  0.360284
001472 91     0.186813
001473 33     0.575758
001474 13577  0.434779
001475 37455  0.380643
001476 22171  0.325290
001477 227897 0.899428
001478 2113   0.159016
001479 36051  0.404372
001480 18455  0.474072
001481 12637  0.321121
001482 15671  0.373110
001483 146345 0.697502
001484 11881  0.391550
001485 1121   0.134701
001486 7101   0.221377
001487 69     0.173913
001488 17977  0.313623
001489 262379 0.918728
001490 63901  0.511979
001491 2475   0.127677
001492 61719  0.415464
001493 83327  0.564943
001494 116895 0.550913
001495 797    0.154329
001496 309251 1.011308
001497 229    0.510917
001498 177    0.152542
001499 79     0.164557
001500 265    0.150943
001501 1489   0.126259
001502 963677 2.187625
001503 49437  0.341809
001504 73     0.178082
001505 3719   0.135789
001506 3825   0.123922
001507 16359  0.387615
001508 847    0.184179
001509 61     0.360656
001510 1977   0.129489
001511 1579   0.178594
001512 1931   0.125842
001513 24495  0.348112
001514 105    0.219048
001515 1251   0.128697
001516 3441   0.148213
001517 909331 2.128625
001518 357    0.140056
001519 111    0.162162
001520 11321  0.366134
001521 85     0.176471
001522 9719   0.245601
001523 2075   0.167711
001524 113295 0.605499
001525 908109 2.112259
001526 787    0.138501
001527 32651  0.355211
001528 787    0.240152
001529 249    0.232932
001530 89189  0.597820
001531 49     0.224490
001532 25529  0.361589
001533 2703   0.143174
001534 12079  0.328173
001535 483769 1.410785
001536 204601 0.828505
001537 743    0.195155
001538 1136821 2.450063
001539 782765 1.872975
001540 31925  0.297541
001541 471303 1.382832
001542 939    0.145900
001543 265    0.154717
001544 65     0.230769
001545 91453  0.539982
001546 4267   0.137099
001547 13587  0.320527
001548 213329 0.883373
001549 9705   0.212468
001550 105    0.161905
001551 164257 0.728572
001552 372063 1.178045
001553 158515 0.733748
001554 434663 1.270039
001555 541859 1.529090
001556 15261  0.408820
001557 23063  0.322204
001558 40449  0.352370
001559 416669 1.254663
001560 22133  0.318393
001561 398653 1.198220
001562 64541  0.467548
001563 25123  0.391792
001564 3309   0.139317
001565 8109   0.184240
001566 2801   0.126026
001567 23943  0.384497
001568 1197   0.156224
001569 465    0.131183
001570 5857   0.129247
001571 61     0.229508
001572 305773 1.030771
001573 137    0.175182
001574 905    0.131492
001575 406429 1.206304
001576 425    0.155294
001577 375    0.160000
001578 41     0.219512
001579 10009  0.227096
001580 9281   0.242754
001581 2357   0.126008
001582 12533  0.321471
001583 13133  0.600777
001584 91     0.175824
001585 437    0.135011
001586 1919   0.133403
001587 3737   0.124699
001588 46047  0.356310
001589 822055 1.929427
001590 1145   0.134498
001591 34209  0.337894
001592 13657  0.388226
001593 6481   0.151828
001594 85943  0.550784
001595 14553  0.386106
001596 55     0.218182
001597 1771   0.128741
001598 238097 0.879772
001599 336735 1.102175
001600 105    0.200000
001601 1969   0.134586
001602 243    0.246914
001603 233325 0.900306
001604 2347   0.127397
001605 263    0.224335
001606 2203   0.125284
001607 14819  0.560294
001608 9303   0.220252
001609 2611   0.123707
001610 10015  0.211882
001611 897297 2.055835
001612 5037   0.134207
001613 593501 1.542223
001614 3587   0.126568
001615 163959 0.806012
001616 943    0.181336
001617 7215   0.208870
001618 14135  0.322037
001619 81     0.172840
001620 915    0.135519
001621 33777  0.315096
001622 85543  0.535906
001623 59     0.220339
001624 97443  0.564761
001625 333    0.156156
001626 149    0.201342
001627 95     0.178947
001628 63     0.206349
001629 1081931 2.386258
001630 189    0.153439
001631 331105 1.072919
001632 123    0.178862
001633 1103   0.137806
001634 86085  0.550688
001635 1215   0.135802
001636 5057   0.123591
001637 1039   0.141482
001638 20279  0.303960
001639 483    0.144928
001640 43     0.209302
001641 387117 1.237484
001642 59673  0.535385
001643 11049  0.455335
001644 91     0.153846
001645 337    0.175074
001646 857    0.133022
001647 1019   0.129539
001648 86911  0.518565
001649 30735  0.358126
001650 171105 0.719979
001651 2071   0.131820
001652 62805  0.488050
001653 261    0.199234
001654 116869 0.563306
001655 8215   0.254778
001656 119    0.159664
001657 68931  0.495336
001658 85773  0.571147
001659 20081  0.368109
001660 103653 0.636016
001661 361    0.146814
001662 317691 1.013979
001663 3701   0.136720
001664 571    0.129597
001665 1309   0.141329
001666 211    0.146919
001667 573    0.137871
001668 237357 0.870853
001669 695407 1.773222
001670 2555   0.253229
001671 5673   0.125154
001672 15867  0.297599
001673 925    0.129730
001674 75     0.186667
001675 145    0.227586
001676 366649 1.175697
001677 131285 0.619675
001678 667    0.152924
001679 3127   0.198593
001680 307    0.146580
001681 58287  0.386347
001682 2417   0.129086
001683 495    0.139394
001684 67     0.194030
001685 77603  0.561538
001686 4425   0.149831
001687 4937   0.127608
001688 17553  0.313849
001689 8063   0.417835
001690 153669 0.708067
001691 147175 0.704114
001692 18297  0.298737
001693 51     0.274510
001694 646679 1.661107
001695 2737   0.128243
001696 1151   0.125977
001697 9829   0.303998
001698 97     0.453608
001699 141    0.163121
001700 191    0.277487
001701 929    0.132400
001702 94685  0.534097
001703 385213 1.222627
001704 155209 0.776985
001705 551703 1.503345
001706 2045   0.244010
001707 11289  0.510143
001708 49     0.183673
001709 85251  0.557061
001710 8153   0.285662
001711 30509  0.420499
001712 255    0.156863
001713 105435 0.533874
001714 2901   0.185798
001715 209141 0.802143
001716 135    0.185185
001717 7205   0.170854
001718 35     0.257143
001719 98547  0.544542
001720 1589   0.285085
001721 108977 0.564303
001722 95     0.252632
001723 44275  0.377504
001724 178257 0.745222
001725 290549 0.973540
001726 19765  0.464457
001727 8465   0.408860
001728 48373  0.434726
001729 1147   0.172624
001730 35     0.257143
001731 1297   0.131843
001732 425755 1.282167
001733 279707 0.930592
001734 50559  0.415139
001735 8661   0.233345
001736 17811  0.308910
001737 45371  0.366247
001738 10655  0.377663
001739 67     0.179104
001740 15239  0.386180
001741 15483  0.332623
001742 37277  0.388470
001743 167159 0.714685
001744 107    0.233645
001745 99641  0.546251
001746 1080411 2.382226
001747 8787   0.297713
001748 58769  0.555225
001749 449219 1.353242
001750 118589 0.524661
001751 146251 0.693944
001752 449567 1.339576
001753 1649   0.128563
001754 453475 1.279658
001755 617    0.145867
001756 475935 1.341979
001757 1057533 2.334667
001758 16599  0.305320
001759 20223  0.372694
001760 5995   0.128440
001761 247149 0.896961
001762 463    0.155508
001763 325485 1.060768
001764 658339 1.693027
001765 4599   0.125679
001766 16523  0.323246
001767 1967   0.227758
001768 1311   0.169336
001769 49     0.183673
001770 225    0.142222
001771 51     0.411765
001772 2641   0.193487
001773 5303   0.129738
001774 1086595 2.381804
001775 776653 1.866402
001776 353    0.158640
001777 27653  0.339782
001778 363205 1.151873
001779 59     0.559322
001780 147    0.217687
001781 17539  0.314556
001782 3099   0.168119
001783 2701   0.125879
001784 229    0.152838
001785 3179   0.240956
001786 3663   0.131859
001787 850253 1.977711
001788 3303   0.126854
001789 340699 1.144177
001790 473    0.234672
001791 954073 2.174260
001792 1050059 2.321994
001793 85     0.200000
001794 1757   0.128059
001795 71     0.169014
001796 1817   0.166208
001797 132269 0.602575
001798 14911  0.309973
001799 5923   0.133885
001800 1349   0.128243
001801 2659   0.130876
001802 6539   0.130142
001803 35     0.285714
001804 422585 1.220027
001805 38775  0.425429
001806 83     0.180723
001807 93     0.182796
001808 1595   0.129154
001809 6979   0.301046
001810 251483 0.912702
001811 38591  0.398875
001812 57     0.192982
001813 115    0.165217
001814 1887   0.139905
001815 188377 0.738185
001816 135    0.185185
001817 119035 0.594497
001818 94493  0.711640
001819 265    0.166038
001820 1741   0.128662
001821 4543   0.138015
001822 951    0.131441
001823 510829 1.432154
001824 581749 1.509070
001825 290399 0.949807
001826 185    0.243243
001827 207829 0.810676
001828 111697 0.541295
001829 109    0.183486
001830 282845 0.923697
001831 64821  0.684068
001832 61     0.229508
001833 2189   0.137049
001834 33     0.212121
001835 119    0.344538
001836 265    0.388679
001837 196923 0.768016
001838 81     0.197531
001839 3351   0.139958
001840 55     0.218182
001841 289917 0.953380
001842 7621   0.230285
001843 540237 1.503840
001844 255    0.219608
001845 333    0.147147
001846 335597 1.061392
001847 79679  0.570188
001848 1145743 2.446113
001849 7309   0.171432
001850 8211   0.190963
001851 56965  0.464285
001852 1461   0.128679
001853 336621 1.074924
001854 47813  0.387531
001855 11439  0.340589
001856 2415   0.125466
001857 3921   0.122418
001858 467    0.207709
001859 21209  0.392428
001860 107    0.158879
001861 89819  0.534219
001862 508411 1.470002
001863 31735  0.433780
001864 187    0.390374
001865 4295   0.125728
001866 1137   0.122252
001867 834055 1.976137
001868 279709 0.952572
001869 377    0.159151
001870 6223   0.195565
001871 852307 1.971854
001872 397253 1.242835
001873 678807 1.727808
001874 34503  0.320900
001875 33     0.212121
001876 173    0.190751
001877 33     0.212121
001878 945873 2.171802
001879 691    0.137482
001880 869509 2.020245
001881 33     0.303030
001882 539    0.141002
001883 198831 0.763181
001884 101    0.188119
001885 12217  0.402145
001886 46197  0.382298
001887 3161   0.266371
001888 139253 0.678054
001889 2941   0.133628
001890 1187   0.138163
001891 41     0.243902
001892 858009 1.978879
001893 481543 1.388725
001894 838905 1.973542
001895 860221 2.017671
001896 537    0.145251
001897 299    0.137124
001898 8445   0.289402
001899 72315  0.507087
001900 39261  0.367668
001901 839    0.134684
001902 4755   0.148686
001903 21815  0.366262
001904 6445   0.123662
001905 975    0.134359
001906 26753  0.369641
001907 65265  0.490186
001908 895439 2.069626
001909 219    0.155251
001910 29205  0.342476
001911 3901   0.142784
001912 161969 0.811093
001913 1897   0.126516
001914 77     0.168831
001915 15951  0.427497
001916 861    0.141696
001917 2603   0.125240
001918 3437   0.148676
001919 415    0.183133
001920 13479  0.320870
001921 1001319 2.242346
001922 753141 1.862141
001923 139    0.172662
001924 634783 1.616557
001925 617    0.141005
001926 159    0.150943
001927 12615  0.579786
001928 45603  0.440432
001929 685    0.132847
001930 45     0.244444
001931 2985   0.125628
001932 15743  0.502318
001933 117    0.367521
001934 46629  0.370756
001935 194635 0.739189
001936 660647 1.699593
001937 400347 1.234804
001938 33     0.272727
001939 37     0.243243
001940 644441 1.655962
001941 1857   0.127625
001942 373    0.369973
001943 161    0.173913
001944 2033   0.261190
001945 1361   0.192506
001946 781    0.309859
001947 983    0.128179
001948 937    0.123799
001949 7113   0.256854
001950 27069  0.437327
001951 87587  0.521539
001952 63     0.206349
001953 415    0.195181
001954 185927 0.742872
001955 936075 2.151114
001956 229887 0.871841
001957 135    0.170370
001958 137881 0.647319
001959 14795  0.312808
001960 38897  0.357585
001961 136225 0.610916
001962 8507   0.191842
001963 11507  0.362649
001964 6447   0.143633
001965 665453 1.701387
001966 86077  0.686304
001967 411661 1.223592
001968 7003   0.407825
001969 7659   0.172738
001970 745981 1.830205
001971 787    0.134689
001972 3421   0.285589
001973 335    0.238806
001974 69821  0.506194
001975 567    0.142857
001976 523045 1.493458
001977 7481   0.174977
001978 6781   0.124760
001979 80247  0.537528
001980 581601 1.520475
001981 149751 0.663795
001982 1191   0.133501
001983 35     0.228571
001984 241    0.153527
001985 676759 1.715391
001986 174019 0.721329
001987 33573  0.471480
001988 43123  0.428171
001989 191381 0.806836
001990 213    0.286385
001991 1146601 2.444242
001992 328283 1.022307
001993 1055   0.144076
001994 104631 0.612706
001995 339937 1.153726
001996 76127  0.677053
001997 230771 0.895931
001998 386899 1.189168
001999 373    0.174263
