000000 273413 1.964819
000001 152255 0.876306
000002 6791   0.202768
000003 496677 1.896955
000004 667    0.250375
000005 201    0.248756
000006 394377 1.537544
000007 491    0.242363
000008 102405 0.800410
000009 9583   0.505896
000010 35777  0.632082
000011 1895   0.214248
000012 351    0.202279
000013 298513 1.288111
000014 52279  0.673808
000015 202599 1.047611
000016 579    0.227979
000017 394105 1.549480
000018 222973 1.072063
000019 351    0.245014
000020 15541  0.549772
000021 253    0.201581
000022 330599 1.410080
000023 9503   0.490898
000024 140381 0.882078
000025 100539 0.770537
000026 242071 1.154769
000027 16331  0.561203
000028 2615   0.194646
000029 133    0.210526
000030 19919  0.495005
000031 1487   0.215198
000032 28603  0.605496
000033 11597  0.541519
000034 107    0.224299
000035 23493  0.549611
000036 24091  0.574364
000037 101783 0.783058
000038 5001   0.227355
000039 163    0.202454
000040 2965   0.220573
000041 191    0.214660
000042 35375  0.669258
000043 381647 1.534599
000044 287637 1.234281
000045 15073  0.501426
000046 218695 1.051716
000047 5039   0.191506
000048 263    0.277567
000049 291    0.271478
000050 94947  0.775422
000051 33759  0.626974
000052 119551 0.875007
000053 114313 0.869752
000054 899    0.226919
000055 2905   0.202065
000056 62911  0.733799
000057 535    0.205607
000058 76265  0.721012
000059 8219   0.498357
000060 10943  0.541533
000061 619    0.210016
000062 430235 1.638872
000063 4655   0.192696
000064 18621  0.438537
000065 149    0.241611
000066 109    0.211009
000067 18489  0.468441
000068 383    0.206266
000069 1097   0.186873
000070 33591  0.614599
000071 1595   0.208150
000072 555781 1.943955
000073 345039 1.416170
000074 369941 1.441533
000075 2537   0.196295
000076 433    0.191686
000077 23567  0.568931
000078 22003  0.533791
000079 185    0.221622
000080 281203 1.217483
000081 5361   0.201455
000082 133967 0.878164
000083 1049   0.211630
000084 239    0.196653
000085 14707  0.551574
000086 3743   0.186214
000087 196333 1.052345
000088 24585  0.550376
000089 28273  0.564885
000090 370469 1.463691
000091 76643  0.706627
000092 513129 1.896506
000093 139    0.438849
000094 22653  0.605483
000095 4741   0.227167
000096 28233  0.584670
000097 323049 1.422054
000098 931    0.252417
000099 27287  0.527760
000100 2505   0.224351
000101 187209 0.998568
000102 240631 1.134783
000103 41821  0.623060
000104 2575   0.189515
000105 209    0.200957
000106 16437  0.508852
000107 1043   0.218600
000108 598417 2.119694
000109 3555   0.204501
000110 267    0.220974
000111 253475 1.179229
000112 755    0.231788
000113 127277 0.881668
000114 1341   0.205817
000115 90751  0.755595
000116 157    0.369427
000117 30257  0.595102
000118 320083 1.342367
000119 5011   0.191579
000120 1751   0.203883
000121 97191  0.778786
000122 1001   0.198801
000123 417047 1.611778
000124 205    0.248780
000125 65423  0.719304
000126 5171   0.187778
000127 385    0.259740
000128 23227  0.588582
000129 123    0.341463
000130 109    0.211009
000131 537    0.268156
000132 2321   0.250323
000133 1179   0.196777
000134 297    0.208754
000135 2045   0.236186
000136 187479 1.009628
000137 11351  0.523654
000138 46055  0.622017
000139 157    0.203822
000140 430801 2.338971
000141 292991 1.254267
000142 407    0.230958
000143 274621 1.314819
000144 349749 1.545957
000145 470415 1.822214
000146 17127  0.483330
000147 19753  0.480332
000148 373649 1.536330
000149 3323   0.206139
000150 557    0.210054
000151 264023 1.237195
000152 243    0.251029
000153 2231   0.259525
000154 643    0.188180
000155 412693 1.629805
000156 238253 1.113896
000157 5111   0.206613
000158 213    0.197183
000159 176729 0.984660
000160 3025   0.206612
000161 1563   0.199616
000162 175    0.217143
000163 331    0.193353
000164 1009   0.190287
000165 223    0.197309
000166 797    0.262233
000167 92605  0.756104
000168 471    0.220807
000169 18869  0.494091
000170 213871 1.032197
000171 10637  0.536147
000172 207    0.198068
000173 233    0.197425
000174 355    0.205634
000175 511959 1.865894
000176 241    0.240664
000177 17633  0.489707
000178 1463   0.187286
000179 468607 1.758593
000180 10579  0.532754
000181 4007   0.256551
000182 94683  0.746554
000183 997    0.203611
000184 1077   0.196843
000185 366759 1.469423
000186 345    0.240580
000187 24993  0.572840
000188 183    0.207650
000189 2231   0.205737
000190 2257   0.199380
000191 819    0.194139
000192 231    0.203463
000193 95293  0.814876
000194 357923 1.470263
000195 154599 0.965737
000196 177    0.254237
000197 274755 1.199188
000198 14199  0.538982
000199 53599  0.676393
000200 2617   0.207872
000201 6003   0.197235
000202 1615   0.232817
000203 18701  0.467676
000204 701    0.194009
000205 73295  0.690334
000206 7377   0.468619
000207 541911 1.979740
000208 17773  0.468520
000209 34499  0.612453
000210 127    0.220472
000211 1937   0.186887
000212 183    0.196721
000213 190431 0.998183
000214 23667  0.550936
000215 19265  0.452894
000216 469715 1.714420
000217 773    0.214748
000218 18811  0.454309
000219 226417 1.056595
000220 101    0.277228
000221 35685  0.631526
000222 258041 1.153964
000223 23447  0.571118
000224 381    0.188976
000225 1185   0.201688
000226 2671   0.221265
000227 538441 1.901272
000228 70675  0.676392
000229 259533 1.151372
000230 136677 0.847758
000231 302585 1.274772
000232 18691  0.446793
000233 231    0.199134
000234 1395   0.190681
000235 428531 1.645491
000236 241    0.244813
000237 2421   0.189591
000238 11989  0.538827
000239 141993 0.862719
000240 7115   0.359241
000241 201    0.199005
000242 209027 1.069101
000243 2665   0.210131
000244 13153  0.552422
000245 16139  0.480885
000246 28825  0.541405
000247 44349  0.690252
000248 76077  0.689012
000249 313    0.226837
000250 1015   0.193103
000251 36147  0.633552
000252 1255   0.212749
000253 365    0.235616
000254 60513  0.707699
000255 255    0.215686
000256 7995   0.485804
000257 42345  0.617735
000258 153165 0.919316
000259 701    0.263909
000260 13043  0.552174
000261 4867   0.197452
000262 5099   0.186899
000263 2199   0.187813
000264 2161   0.209162
000265 1757   0.218554
000266 30295  0.537514
000267 2857   0.186209
000268 635    0.198425
000269 953    0.187828
000270 89649  0.733360
000271 21217  0.514446
000272 3599   0.184774
000273 159    0.201258
000274 9247   0.451065
000275 74865  0.665705
000276 277787 1.234136
000277 1617   0.225108
000278 295    0.196610
000279 22981  0.516688
000280 1825   0.183562
000281 105    0.209524
000282 5209   0.186600
000283 3141   0.193251
000284 2079   0.207792
000285 529    0.189036
000286 328965 1.347912
000287 10003  0.485854
000288 14179  0.504549
000289 365    0.194521
000290 58071  0.627249
000291 3205   0.186271
000292 165    0.206061
000293 37223  0.633506
000294 416657 1.581286
000295 533151 1.817688
000296 2517   0.198252
000297 54209  0.599900
000298 429    0.186480
000299 44459  0.590814
000300 25311  0.544467
000301 489    0.224949
000302 191951 0.983501
000303 577    0.211438
000304 293507 1.293407
000305 229379 1.044250
000306 21339  0.504382
000307 4947   0.194259
000308 86625  0.692110
000309 2511   0.190362
000310 133    0.203008
000311 767    0.194263
000312 52745  0.595393
000313 29479  0.523457
000314 3197   0.185799
000315 207    0.198068
000316 551057 1.869193
000317 137717 0.854506
000318 35429  0.609952
000319 9397   0.461211
000320 218647 1.030273
000321 9887   0.536260
000322 5085   0.187611
000323 981    0.186544
000324 347    0.190202
000325 132159 0.809797
000326 293    0.242321
000327 13729  0.514750
000328 65399  0.676111
000329 21253  0.498753
000330 275    0.214545
000331 1139   0.199298
000332 4243   0.227433
000333 94443  0.734697
000334 74479  0.702265
000335 2883   0.221297
000336 171    0.228070
000337 1083   0.188366
000338 6341   0.206119
000339 3203   0.187324
000340 21171  0.478437
000341 248145 1.111241
000342 285939 1.237876
000343 112809 0.823285
000344 4681   0.207648
000345 1415   0.212721
000346 13257  0.551181
000347 341027 1.389207
000348 8587   0.453360
000349 345693 1.414495
000350 637    0.210361
000351 117419 0.852554
000352 1329   0.218962
000353 1179   0.188295
000354 186003 1.016704
000355 161423 1.003506
000356 871    0.227325
000357 3987   0.223727
000358 136947 0.888650
000359 1263   0.244656
000360 1021   0.224290
000361 266959 1.278530
000362 24869  0.547107
000363 129    0.217054
000364 1077   0.214485
000365 127    0.338583
000366 309791 1.320677
000367 27751  0.552485
000368 1343   0.186895
000369 267    0.191011
000370 1535   0.203257
000371 64527  0.684086
000372 26259  0.541833
000373 400937 1.609260
000374 3373   0.195375
000375 1401   0.187009
000376 169    0.218935
000377 200421 1.041872
000378 235    0.246809
000379 7855   0.433609
000380 3007   0.294313
000381 1375   0.197818
000382 7601   0.387186
000383 183    0.196721
000384 562703 1.963704
000385 193    0.253886
000386 125    0.248000
000387 22837  0.560100
000388 479579 1.702931
000389 10959  0.497764
000390 162113 0.946753
000391 43783  0.571774
000392 1433   0.186322
000393 151    0.205298
000394 191    0.204188
000395 3327   0.188759
000396 29791  0.553221
000397 479    0.189979
000398 111195 0.807896
000399 337387 1.368117
000400 1217   0.192276
000401 855    0.195322
000402 229809 1.073461
000403 725    0.209655
000404 213389 1.037223
000405 1067   0.195876
000406 489    0.206544
000407 7391   0.423353
000408 100021 0.740435
000409 7081   0.379325
000410 149    0.208054
000411 301667 1.276063
000412 2927   0.196789
000413 251    0.195219
000414 211    0.194313
000415 2261   0.184874
000416 2409   0.197177
000417 2675   0.218692
000418 4333   0.201477
000419 3763   0.187351
000420 153    0.398693
000421 114115 0.798221
000422 183949 0.999902
000423 324823 1.348491
000424 103    0.262136
000425 119    0.210084
000426 523    0.212237
000427 53709  0.606788
000428 118719 0.787945
000429 34873  0.591632
000430 361    0.188366
000431 221251 1.136361
000432 499059 1.821534
000433 1597   0.193488
000434 3849   0.203429
000435 4021   0.187516
000436 149    0.214765
000437 229359 1.120283
000438 34061  0.591762
000439 51313  0.675462
000440 302923 1.272564
000441 43211  0.581634
000442 3041   0.184479
000443 9635   0.517281
000444 512947 1.814566
000445 134693 0.846481
000446 409    0.271394
000447 11247  0.533298
000448 9519   0.507932
000449 80251  0.697923
000450 2009   0.194126
000451 881    0.202043
000452 841    0.192628
000453 364349 1.423377
000454 492703 1.748445
000455 281609 1.218636
000456 103471 0.761972
000457 20651  0.505448
000458 4677   0.197135
000459 189    0.216931
000460 14073  0.544589
000461 78757  0.671267
000462 47819  0.613187
000463 349    0.194842
000464 149611 0.841910
000465 64077  0.666495
000466 3003   0.230436
000467 24001  0.536353
000468 39911  0.616873
000469 49783  0.714300
000470 232391 1.067731
000471 29313  0.528673
000472 9289   0.452363
000473 8451   0.473908
000474 542249 1.838947
000475 62709  0.708160
000476 259391 1.169285
000477 270683 1.210327
000478 483991 1.756892
000479 1215   0.198354
000480 241    0.199170
000481 14367  0.554883
000482 22895  0.534833
000483 389    0.192802
000484 1973   0.202737
000485 2455   0.189409
000486 265    0.207547
000487 3071   0.210355
000488 133    0.210526
000489 6465   0.208198
000490 10263  0.534736
000491 225    0.208889
000492 49829  0.706797
000493 161    0.211180
000494 192627 1.064721
000495 769    0.301691
000496 63631  0.728529
000497 75777  0.672156
000498 345    0.197101
000499 6311   0.206465
000500 130551 0.860361
000501 170417 0.974398
000502 637    0.257457
000503 20017  0.577609
000504 10709  0.537865
000505 369    0.208672
000506 3399   0.201530
000507 20367  0.490401
000508 87419  0.719660
000509 390865 1.532588
000510 80999  0.666564
000511 583    0.197256
000512 28865  0.534280
000513 46229  0.646391
000514 78359  0.676400
000515 545    0.194495
000516 1837   0.211758
000517 209    0.196172
000518 408789 1.613957
000519 370605 1.505398
000520 340377 1.402087
000521 2105   0.194774
000522 18789  0.457395
000523 195    0.200000
000524 2199   0.227376
000525 1841   0.216187
000526 125    0.232000
000527 2551   0.185025
000528 137    0.204380
000529 92929  0.739102
000530 14219  0.569168
000531 76019  0.717742
000532 2641   0.195381
000533 7831   0.425616
000534 149    0.335570
000535 12593  0.559914
000536 1441   0.185288
000537 3155   0.186054
000538 45927  0.586496
000539 164827 0.969392
000540 331485 1.388126
000541 498159 1.800002
000542 823    0.196841
000543 901    0.201998
000544 133    0.225564
000545 1087   0.243790
000546 1383   0.187274
000547 2507   0.215397
000548 241    0.211618
000549 156011 0.946055
000550 182915 1.000749
000551 145887 0.860858
000552 141    0.241135
000553 591    0.214890
000554 12919  0.565137
000555 107    0.214953
000556 22697  0.537604
000557 533117 1.868074
000558 20385  0.475791
000559 64141  0.721832
000560 27583  0.536272
000561 2557   0.192413
000562 60191  0.710372
000563 3039   0.222771
000564 397    0.241814
000565 266475 1.203355
000566 8159   0.461208
000567 92203  0.749683
000568 1289   0.227308
000569 155    0.212903
000570 11981  0.566480
000571 325693 1.409610
000572 167    0.251497
000573 909    0.203520
000574 140351 0.879552
000575 10469  0.541217
000576 30599  0.584921
000577 25029  0.606417
000578 1187   0.190396
000579 491569 1.769383
000580 223    0.260090
000581 7075   0.357032
000582 663    0.194570
000583 301989 1.294699
000584 70221  0.650162
000585 255    0.207843
000586 5587   0.189010
000587 210921 1.059733
000588 379    0.226913
000589 39923  0.602184
000590 7533   0.390814
000591 274213 1.231641
000592 351617 1.441071
000593 353    0.229462
000594 511283 1.864316
000595 77577  0.699859
000596 68557  0.672564
000597 14537  0.573846
000598 161    0.204969
000599 3165   0.232859
000600 171    0.198830
000601 170207 0.962634
000602 137867 0.900832
000603 8421   0.490203
000604 20967  0.525636
000605 52259  0.674793
000606 15499  0.509646
000607 37793  0.622602
000608 524947 1.846501
000609 577887 1.994743
000610 53427  0.610553
000611 2317   0.187311
000612 5821   0.241024
000613 15161  0.581624
000614 1979   0.193027
000615 2335   0.202141
000616 24335  0.576330
000617 4453   0.196272
000618 1139   0.187884
000619 17401  0.477444
000620 215    0.232558
000621 1581   0.192916
000622 2213   0.207411
000623 3133   0.217364
000624 28795  0.565688
000625 1765   0.194901
000626 3513   0.192428
000627 216611 1.177309
000628 9243   0.583252
000629 103    0.223301
000630 16233  0.490298
000631 56027  0.674104
000632 125    0.232000
000633 8563   0.527502
000634 1269   0.233255
000635 381    0.199475
000636 28161  0.593445
000637 165193 1.043119
000638 2303   0.199305
000639 2109   0.209578
000640 4191   0.212837
000641 5395   0.247637
000642 3111   0.201864
000643 7021   0.346247
000644 78035  0.749279
000645 461399 1.734755
000646 383    0.229765
000647 198171 1.036776
000648 177    0.282486
000649 40429  0.631230
000650 20151  0.529800
000651 1291   0.199845
000652 64027  0.700736
000653 140839 0.851426
000654 175    0.240000
000655 83497  0.675809
000656 117375 0.844882
000657 6391   0.222344
000658 7491   0.444133
000659 393285 1.480921
000660 3551   0.194311
000661 142413 0.840450
000662 309651 1.291328
000663 439    0.225513
000664 40579  0.606915
000665 2459   0.206181
000666 480639 1.723643
000667 386961 1.517825
000668 4229   0.206905
000669 491    0.254582
000670 552435 1.982023
000671 105    0.276190
000672 112195 0.857667
000673 4629   0.222078
000674 407171 1.594947
000675 8803   0.494263
000676 3415   0.212884
000677 517    0.203095
000678 147    0.217687
000679 6959   0.322173
000680 5131   0.193724
000681 7037   0.338354
000682 3261   0.208218
000683 189131 0.990166
000684 2953   0.189299
000685 233695 1.056176
000686 2909   0.226882
000687 9759   0.498822
000688 233    0.193133
000689 4599   0.200696
000690 75541  0.659615
000691 34209  0.592622
000692 479929 2.176432
000693 33925  0.568696
000694 54459  0.596302
000695 162393 0.995289
000696 765    0.222222
000697 629    0.190779
000698 22381  0.515884
000699 374859 1.579349
000700 281    0.234875
000701 31707  0.533794
000702 1895   0.191029
000703 64165  0.677379
000704 299389 1.346349
000705 949    0.223393
000706 129    0.209302
000707 12363  0.531667
000708 117981 0.819327
000709 1923   0.211128
000710 163    0.202454
000711 1309   0.207792
000712 252547 1.185898
000713 22049  0.515987
000714 841    0.197384
000715 20939  0.467596
000716 26427  0.502403
000717 166319 0.980008
000718 14343  0.519138
000719 105    0.219048
000720 147    0.197279
000721 10463  0.480551
000722 121    0.206612
000723 553745 2.067654
000724 2235   0.201342
000725 3249   0.199446
000726 304573 1.352231
000727 1541   0.205711
000728 2043   0.200196
000729 903    0.188261
000730 293    0.194539
000731 13993  0.522833
000732 13877  0.511134
000733 1289   0.186191
000734 46379  0.571897
000735 253595 1.221065
000736 294493 1.309138
000737 357889 1.782262
000738 68405  0.925780
000739 558211 2.136018
000740 117879 0.812494
000741 2365   0.261311
000742 58609  0.663226
000743 5489   0.193296
000744 3393   0.212202
000745 3281   0.206035
000746 553    0.303797
000747 66829  0.696195
000748 66547  0.687424
000749 18921  0.477829
000750 248913 1.105816
000751 109    0.266055
000752 175    0.228571
000753 132663 0.844991
000754 69641  0.687153
000755 1267   0.202841
000756 40759  0.603646
000757 6211   0.186765
000758 909    0.189219
000759 5629   0.199680
000760 1733   0.238892
000761 693    0.233766
000762 191    0.219895
000763 2653   0.186958
000764 6161   0.209382
000765 705    0.249645
000766 381095 1.461790
000767 265    0.279245
000768 512759 1.825854
000769 177    0.259887
000770 14931  0.568214
000771 581    0.196213
000772 669    0.186846
000773 31205  0.544304
000774 29637  0.539191
000775 186543 1.045298
000776 32231  0.539698
000777 471    0.208068
000778 105    0.209524
000779 2991   0.204948
000780 24853  0.519454
000781 6269   0.186633
000782 101437 0.797224
000783 395    0.235443
000784 508021 1.821751
000785 138379 0.839665
000786 717    0.259414
000787 101    0.227723
000788 121    0.206612
000789 209    0.282297
000790 78033  0.701895
000791 879    0.224118
000792 34825  0.663546
000793 333    0.204204
000794 242621 1.104818
000795 74353  0.672723
000796 147    0.210884
000797 416445 1.650167
000798 65435  0.670757
000799 432665 1.622500
000800 19053  0.453682
000801 1627   0.189920
000802 781    0.220230
000803 69991  0.693946
000804 915    0.187978
000805 6171   0.210501
000806 155443 0.927839
000807 345747 1.412903
000808 148383 0.847819
000809 234267 1.142893
000810 14559  0.516588
000811 837    0.189964
000812 331733 1.430967
000813 277563 1.222371
000814 373    0.276139
000815 351    0.190883
000816 2761   0.188700
000817 66027  0.675996
000818 7377   0.368036
000819 2545   0.222004
000820 359    0.192201
000821 16465  0.497540
000822 227    0.193833
000823 131727 0.811276
000824 251    0.262948
000825 795    0.271698
000826 5619   0.217832
000827 1711   0.193454
000828 1077   0.249768
000829 133    0.210526
000830 566837 1.965683
000831 165    0.248485
000832 113809 0.789112
000833 7119   0.403427
000834 53599  0.673893
000835 135    0.244444
000836 26047  0.560794
000837 200963 1.014217
000838 12635  0.531698
000839 180783 0.985712
000840 5643   0.191388
000841 490913 1.749375
000842 617    0.213938
000843 15631  0.535346
000844 5993   0.192391
000845 531    0.201507
000846 36431  0.633581
000847 315    0.206349
000848 781    0.195903
000849 25919  0.580501
000850 39149  0.620731
000851 5621   0.187333
000852 506979 1.822602
000853 4665   0.192283
000854 405    0.190123
000855 121    0.239669
000856 95393  0.730012
000857 24979  0.541895
000858 8193   0.426462
000859 50485  0.672378
000860 24033  0.548371
000861 10975  0.557540
000862 176673 1.041415
000863 182567 1.087601
000864 475267 1.733798
000865 4691   0.200810
000866 849    0.190813
000867 8707   0.480992
000868 199    0.281407
000869 22825  0.507295
000870 18629  0.443717
000871 89493  0.740550
000872 262987 1.207269
000873 259    0.254826
000874 377    0.206897
000875 238585 1.074456
000876 1071   0.201681
000877 12497  0.529327
000878 71353  0.712177
000879 713    0.200561
000880 719    0.203060
000881 75335  0.700816
000882 1753   0.215060
000883 45261  0.633945
000884 542535 1.957986
000885 1407   0.194741
000886 61313  0.667167
000887 27103  0.536989
000888 2315   0.186609
000889 235    0.191489
000890 177    0.197740
000891 709    0.186178
000892 16747  0.488326
000893 5897   0.186536
000894 447099 1.647606
000895 272441 1.174170
000896 79443  0.652707
000897 799    0.207760
000898 7789   0.458467
000899 6385   0.191386
000900 175    0.200000
000901 13671  0.488040
000902 281    0.195730
000903 323641 1.389153
000904 29385  0.561749
000905 237    0.206751
000906 3035   0.220428
000907 2721   0.187064
000908 337621 1.389336
000909 1157   0.203976
000910 11013  0.544266
000911 65515  0.789193
000912 115823 0.858033
000913 158087 1.369113
000914 339    0.324484
000915 1447   0.268141
000916 60025  0.922766
000917 4961   0.268897
000918 1455   0.263918
000919 30677  0.727353
000920 389    0.272494
000921 319749 1.503467
000922 2859   0.204967
000923 2597   0.187909
000924 3545   0.191537
000925 649    0.187982
000926 161    0.204969
000927 603    0.189055
000928 32869  0.549271
000929 869    0.265823
000930 3585   0.184379
000931 28683  0.519994
000932 102697 0.773927
000933 651    0.211982
000934 163    0.202454
000935 22375  0.536268
000936 327425 1.488206
000937 119    0.302521
000938 2229   0.193360
000939 180407 1.099397
000940 229    0.283843
000941 117    0.213675
000942 171207 1.019146
000943 50341  0.654854
000944 37371  0.613551
000945 837    0.188769
000946 245    0.220408
000947 613    0.200653
000948 1023   0.186706
000949 1803   0.187465
000950 283    0.197880
000951 436425 1.956643
000952 337    0.317507
000953 165289 1.304727
000954 571    0.252189
000955 40883  0.633882
000956 6329   0.201454
000957 48733  0.676359
000958 1313   0.254379
000959 2361   0.200339
000960 2319   0.186287
000961 506781 1.809172
000962 599    0.213689
000963 90253  0.718237
000964 26305  0.568295
000965 1501   0.213191
000966 4261   0.187045
000967 183    0.213115
000968 273449 1.244547
000969 12927  0.568036
000970 117    0.205128
000971 4789   0.186887
000972 209    0.196172
000973 255    0.223529
000974 378303 1.532639
000975 557351 1.947380
000976 1967   0.242501
000977 293853 1.280708
000978 2253   0.201065
000979 3565   0.223001
000980 321    0.261682
000981 391    0.199488
000982 705    0.209929
000983 7629   0.438196
000984 899    0.195773
000985 1063   0.206961
000986 10609  0.574889
000987 8997   0.490163
000988 20467  0.483461
000989 362721 1.451769
000990 685    0.248175
000991 109    0.495413
000992 219    0.210046
000993 113613 0.827220
000994 243975 1.100871
000995 9645   0.485640
000996 605    0.186777
000997 27709  0.662889
000998 24445  0.542197
000999 8035   0.423273
001000 473    0.192389
001001 6301   0.198699
001002 6699   0.235110
001003 154641 0.934791
001004 174839 0.997420
001005 557575 1.980363
001006 865    0.238150
001007 2863   0.219700
001008 371    0.199461
001009 131    0.213740
001010 364421 1.458426
001011 1319   0.197119
001012 5511   0.188351
001013 18931  0.460567
001014 62915  0.715251
001015 1571   0.198600
001016 1061   0.188501
001017 797    0.188206
001018 669    0.230194
001019 3119   0.213530
001020 387583 1.507275
001021 14713  0.507306
001022 131011 0.854936
001023 555    0.207207
001024 2245   0.203563
001025 174809 0.986505
001026 75371  0.677475
001027 7729   0.460085
001028 195    0.246154
001029 119    0.243697
001030 125    0.320000
001031 193999 0.944252
001032 327    0.238532
001033 3189   0.215428
001034 18469  0.439006
001035 3229   0.187365
001036 171    0.245614
001037 49151  0.669040
001038 129    0.271318
001039 138075 0.829556
001040 3525   0.215603
001041 1301   0.194466
001042 373    0.219839
001043 282119 1.254861
001044 183715 1.063032
001045 7261   0.422531
001046 10797  0.547467
001047 275289 1.313594
001048 50669  0.676943
001049 307389 1.295287
001050 250263 1.160711
001051 373    0.222520
001052 933    0.231511
001053 4281   0.208129
001054 97415  0.768403
001055 1209   0.242349
001056 80999  0.681885
001057 20109  0.503854
001058 122601 0.817228
001059 1091   0.225481
001060 9745   0.495126
001061 408363 1.570617
001062 403    0.235732
001063 309    0.187702
001064 127023 0.822835
001065 13617  0.535727
001066 1977   0.224583
001067 10969  0.491111
001068 193    0.196891
001069 2469   0.188335
001070 46171  0.643737
001071 310017 1.282501
001072 485711 1.754768
001073 147    0.292517
001074 84713  0.698653
001075 9413   0.526718
001076 17411  0.501177
001077 215147 1.047126
001078 166563 0.947948
001079 111    0.252252
001080 29591  0.578115
001081 83345  0.694367
001082 3175   0.197165
001083 456667 1.659023
001084 49209  0.685992
001085 1621   0.191240
001086 386327 1.462266
001087 143    0.272727
001088 145    0.227586
001089 148955 0.864060
001090 8345   0.457400
001091 6423   0.186517
001092 1627   0.186847
001093 55049  0.629948
001094 1147   0.190933
001095 212607 1.058601
001096 499823 1.766291
001097 13211  0.506850
001098 76635  0.667163
001099 26421  0.557208
001100 2841   0.193594
001101 493    0.210953
001102 4621   0.194763
001103 353    0.263456
001104 1715   0.232653
001105 24433  0.566856
001106 76837  0.686779
001107 9993   0.504853
001108 2053   0.189479
001109 77575  0.651189
001110 384593 1.561742
001111 8785   0.467615
001112 31631  0.545383
001113 49601  0.657406
001114 72609  0.663623
001115 104091 0.777858
001116 5551   0.202846
001117 143    0.209790
001118 40821  0.627447
001119 47357  0.614313
001120 955    0.193717
001121 48987  0.689877
001122 183501 0.998681
001123 14237  0.550397
001124 300497 1.281976
001125 1815   0.212121
001126 67755  0.691875
001127 697    0.242468
001128 37207  0.673664
001129 42051  0.595800
001130 25091  0.544618
001131 122729 0.855014
001132 701    0.203994
001133 1031   0.221145
001134 795    0.217610
001135 2021   0.187036
001136 3741   0.190858
001137 58455  0.679121
001138 13619  0.521771
001139 381695 1.463669
001140 32475  0.539122
001141 45289  0.571574
001142 6619   0.186886
001143 765    0.188235
001144 4155   0.187726
001145 73013  0.693068
001146 281    0.217082
001147 4467   0.231475
001148 237    0.206751
001149 917    0.208288
001150 488773 1.728307
001151 240533 1.091979
001152 2237   0.210103
001153 3397   0.188990
001154 13225  0.504121
001155 132095 0.830622
001156 69361  0.648491
001157 125067 0.831674
001158 1579   0.208993
001159 193    0.202073
001160 405    0.209877
001161 125793 0.867536
001162 5301   0.190530
001163 44325  0.595623
001164 20077  0.506998
001165 400345 1.507577
001166 1749   0.197256
001167 25305  0.521399
001168 561271 1.990678
001169 21949  0.516698
001170 645    0.187597
001171 60349  0.677642
001172 7685   0.445804
001173 21949  0.532006
001174 91057  0.789242
001175 8331   0.494659
001176 553    0.189873
001177 1243   0.201126
001178 11749  0.540812
001179 277    0.202166
001180 13239  0.556311
001181 147    0.401361
001182 51095  0.685488
001183 34467  0.589201
001184 317589 1.316000
001185 883    0.201586
001186 137    0.204380
001187 127    0.220472
001188 13267  0.514962
001189 183701 1.002466
001190 3381   0.191659
001191 4871   0.190721
001192 2731   0.219334
001193 19647  0.485876
001194 430873 1.606889
001195 283    0.229682
001196 32999  0.557138
001197 151    0.205298
001198 1067   0.189316
001199 429467 1.612147
001200 3293   0.210143
001201 183    0.300546
001202 103639 0.769006
001203 1249   0.208167
001204 20481  0.485377
001205 171    0.198830
001206 1761   0.187394
001207 163093 0.940764
001208 449    0.258352
001209 227661 1.094285
001210 220941 1.043699
001211 268045 1.147785
001212 167    0.251497
001213 5095   0.191364
001214 91409  0.725191
001215 1599   0.222014
001216 343    0.192420
001217 38195  0.602461
001218 509    0.192534
001219 367    0.242507
001220 109    0.201835
001221 336131 1.381473
001222 13937  0.527445
001223 1605   0.185047
001224 109    0.211009
001225 72291  0.664260
001226 30107  0.547912
001227 2309   0.187094
001228 515285 1.793609
001229 16601  0.468466
001230 293933 1.286041
001231 985    0.202030
001232 105    0.238095
001233 44473  0.591348
001234 171    0.198830
001235 221873 1.041510
001236 1131   0.257294
001237 12859  0.604946
001238 207    0.304348
001239 21897  0.570124
001240 94175  0.735546
001241 271    0.225092
001242 17975  0.478665
001243 289    0.190311
001244 20165  0.453013
001245 36019  0.638746
001246 2953   0.216729
001247 22691  0.557798
001248 425    0.218824
001249 19453  0.476173
001250 4791   0.212899
001251 79261  0.715446
001252 264457 1.185168
001253 203289 1.023690
001254 143091 0.836796
001255 1779   0.193929
001256 1389   0.217423
001257 159    0.207547
001258 169    0.248521
001259 21277  0.478639
001260 441    0.192744
001261 244413 1.123070
001262 3247   0.195873
001263 285    0.192982
001264 6221   0.212345
001265 282639 1.225903
001266 303    0.237624
001267 163    0.202454
001268 287    0.191638
001269 6823   0.191705
001270 1523   0.185161
001271 161581 0.939894
001272 24287  0.527813
001273 1587   0.190926
001274 22689  0.523073
001275 408127 1.577279
001276 3479   0.191722
001277 198551 1.044714
001278 147893 0.841906
001279 2565   0.232359
001280 337    0.252226
001281 58469  0.647420
001282 15095  0.517257
001283 2031   0.190547
001284 835    0.249102
001285 3383   0.224061
001286 7641   0.392619
001287 25389  0.567963
001288 307581 1.313309
001289 21359  0.496091
001290 29453  0.545615
001291 12689  0.519190
001292 1159   0.235548
001293 3857   0.209749
001294 267281 1.175793
001295 115489 0.834218
001296 214213 1.052242
001297 7545   0.374950
001298 1339   0.217326
001299 127    0.204724
001300 1549   0.185926
001301 743    0.216689
001302 1603   0.199626
001303 194751 1.003954
001304 138421 0.839179
001305 68469  0.650499
001306 7285   0.362526
001307 119    0.285714
001308 113    0.203540
001309 321    0.193146
001310 7571   0.402193
001311 308575 1.283020
001312 39327  0.607166
001313 1401   0.243398
001314 302033 1.298689
001315 69883  0.651274
001316 29327  0.540594
001317 76305  0.681987
001318 8961   0.490235
001319 36193  0.688586
001320 38263  0.635157
001321 583    0.193825
001322 27545  0.507388
001323 1509   0.230616
001324 68023  0.655499
001325 169    0.218935
001326 336917 1.435125
001327 76927  0.721619
001328 10205  0.555022
001329 405945 1.582623
001330 17937  0.466800
001331 230389 1.078793
001332 6487   0.219670
001333 389061 1.473625
001334 513    0.253411
001335 157    0.210191
001336 213    0.215962
001337 6055   0.220644
001338 643    0.233281
001339 214725 1.048509
001340 105    0.257143
001341 5407   0.206769
001342 469    0.245203
001343 859    0.187427
001344 575    0.241739
001345 1105   0.189140
001346 39887  0.603655
001347 1085   0.185253
001348 19655  0.478962
001349 2835   0.198236
001350 2437   0.187115
001351 103747 0.784678
001352 107823 0.774065
001353 183    0.240437
001354 220265 1.074192
001355 131141 0.847950
001356 3103   0.220110
001357 99129  0.739703
001358 562937 1.973372
001359 504453 1.870600
001360 432371 1.690606
001361 19567  0.471048
001362 423    0.193853
001363 11915  0.560554
001364 109    0.211009
001365 6549   0.186593
001366 319    0.191223
001367 137    0.226277
001368 48125  0.637984
001369 4619   0.186620
001370 382769 1.467985
001371 356447 1.415675
001372 59277  0.686286
001373 171    0.216374
001374 633    0.206951
001375 2773   0.190408
001376 259305 1.148667
001377 1701   0.239859
001378 317697 1.332046
001379 127    0.267717
001380 1873   0.191671
001381 251    0.195219
001382 875    0.187429
001383 369    0.192412
001384 7787   0.431232
001385 68405  0.689920
001386 9973   0.516294
001387 234115 1.084625
001388 173    0.248555
001389 25105  0.538419
001390 282169 1.212259
001391 186307 0.997080
001392 579    0.238342
001393 8449   0.492603
001394 43933  0.602645
001395 6441   0.187083
001396 1235   0.200810
001397 3945   0.199493
001398 6935   0.341168
001399 4567   0.195971
001400 5151   0.199961
001401 38911  0.612192
001402 561    0.204991
001403 967    0.243020
001404 113    0.353982
001405 340329 1.430613
001406 3303   0.192855
001407 17553  0.452515
001408 239    0.196653
001409 22363  0.537048
001410 14763  0.523268
001411 313    0.220447
001412 29597  0.538028
001413 5347   0.222742
001414 176957 1.002566
001415 22271  0.571012
001416 583    0.200686
001417 3533   0.196434
001418 211    0.208531
001419 2017   0.226078
001420 251    0.207171
001421 425189 1.601643
001422 2397   0.200250
001423 127    0.212598
001424 3211   0.205232
001425 111623 0.815056
001426 15681  0.512085
001427 1343   0.214445
001428 251    0.199203
001429 59035  0.669874
001430 1951   0.212199
001431 2923   0.218611
001432 17045  0.525374
001433 36935  0.640937
001434 15353  0.532534
001435 6703   0.207071
001436 107127 0.812223
001437 11079  0.557271
001438 465    0.193548
001439 4441   0.205584
001440 95591  0.772876
001441 471595 1.771043
001442 493    0.210953
001443 139    0.208633
001444 1249   0.199359
001445 561    0.190731
001446 74235  0.721425
001447 293421 1.261079
001448 156427 0.904825
001449 456405 1.659228
001450 119    0.268908
001451 3667   0.220889
001452 477285 1.724942
001453 141    0.255319
001454 2041   0.201372
001455 1327   0.188395
001456 353    0.215297
001457 400607 1.533505
001458 87403  0.720204
001459 729    0.293553
001460 7903   0.406175
001461 132403 0.863357
001462 430633 1.637387
001463 154403 0.923084
001464 179097 1.008984
001465 367    0.231608
001466 4313   0.223974
001467 1083   0.257618
001468 2033   0.241515
001469 45739  0.651326
001470 72171  0.715564
001471 159211 0.988060
001472 2693   0.208689
001473 180887 1.058689
001474 51071  0.685653
001475 117    0.213675
001476 1075   0.216744
001477 459    0.193900
001478 142393 0.873990
001479 444777 1.723832
001480 377925 1.490566
001481 5781   0.202214
001482 540769 1.838140
001483 413    0.220339
001484 203    0.201970
001485 147    0.469388
001486 3007   0.195211
001487 85043  0.687440
001488 319    0.203762
001489 149547 0.900252
001490 2399   0.213005
001491 329929 1.378663
001492 2165   0.193072
001493 255227 1.118185
001494 460875 1.715752
001495 76439  0.660723
001496 14403  0.553496
001497 763    0.187418
001498 307025 1.291181
001499 653    0.272588
001500 104601 0.777258
001501 997    0.204614
001502 171    0.204678
001503 269    0.193309
001504 111    0.207207
001505 49829  0.690080
001506 3339   0.215933
001507 133    0.225564
001508 61823  0.672743
001509 3227   0.495507
001510 190379 1.383215
001511 319    0.341693
001512 14411  0.727500
001513 1785   0.272829
001514 2821   0.268699
001515 90303  1.020243
001516 18665  0.578623
001517 27989  0.628247
001518 13437  0.544244
001519 44965  0.588747
001520 3565   0.195792
001521 387229 1.626464
001522 117    0.307692
001523 321    0.255452
001524 3401   0.189062
001525 348177 1.530299
001526 172447 1.020499
001527 116351 0.838755
001528 31667  0.543752
001529 10321  0.481252
001530 54311  0.616671
001531 153    0.241830
001532 410267 1.732464
001533 989    0.246714
001534 10453  0.497465
001535 1307   0.185922
001536 349215 1.519645
001537 510787 1.952849
001538 1267   0.200474
001539 105    0.209524
001540 155    0.200000
001541 493    0.229209
001542 2785   0.191741
001543 637    0.189953
001544 37529  0.630579
001545 56363  0.611199
001546 329613 1.495624
001547 527    0.244782
001548 5037   0.195553
001549 29419  0.536286
001550 611    0.193126
001551 80947  0.647510
001552 1019   0.187439
001553 2421   0.193722
001554 79349  0.665995
001555 67755  0.668320
001556 178835 1.025062
001557 4339   0.200277
001558 179    0.201117
001559 5319   0.188005
001560 113    0.212389
001561 266301 1.263131
001562 9939   0.488681
001563 161653 0.990888
001564 6729   0.216377
001565 49119  0.659826
001566 69357  0.674251
001567 315    0.200000
001568 131    0.213740
001569 913    0.272727
001570 296267 1.369933
001571 14693  0.511672
001572 131    0.206107
001573 36919  0.610390
001574 376411 1.584008
001575 16517  0.474541
001576 59959  0.673961
001577 147    0.217687
001578 43599  0.568660
001579 78881  0.695453
001580 23279  0.527342
001581 31285  0.510245
001582 31613  0.523835
001583 185883 1.052813
001584 21485  0.519851
001585 136059 0.928568
001586 51779  0.679310
001587 437145 1.774590
001588 26279  0.549564
001589 4029   0.187640
001590 80121  0.668177
001591 40591  0.597177
001592 1379   0.189993
001593 28165  0.523487
001594 223    0.197309
001595 7283   0.342991
001596 306217 1.366012
001597 367335 1.536167
001598 295    0.281356
001599 537    0.238361
001600 93807  0.741853
001601 361    0.218837
001602 5499   0.190944
001603 103373 0.754094
001604 703    0.213371
001605 3067   0.194653
001606 126241 0.847245
001607 113    0.300885
001608 304301 1.340117
001609 297011 1.829255
001610 473    0.329810
001611 515349 1.956841
001612 587    0.240204
001613 283689 1.272178
001614 83041  0.681206
001615 317    0.205047
001616 126009 0.881850
001617 297399 1.292637
001618 537407 1.930258
001619 10989  0.526163
001620 517099 1.849377
001621 65145  0.689078
001622 609    0.192118
001623 4163   0.187125
001624 261    0.260536
001625 2297   0.186765
001626 12417  0.608360
001627 301    0.215947
001628 671    0.210134
001629 33307  0.616327
001630 31063  0.560538
001631 2303   0.201911
001632 84813  0.740441
001633 1015   0.218719
001634 205    0.200000
001635 307    0.192182
001636 316561 1.358951
001637 9609   0.515871
001638 7567   0.385754
001639 543    0.189687
001640 1461   0.186858
001641 1553   0.235029
001642 9063   0.462209
001643 124459 0.905270
001644 361    0.221607
001645 118157 0.837801
001646 38273  0.636271
001647 213    0.201878
001648 149    0.228188
001649 213    0.197183
001650 544429 1.926429
001651 58197  0.700500
001652 521    0.188100
001653 463    0.203024
001654 2891   0.244552
001655 113643 0.868157
001656 54613  0.661930
001657 659    0.223065
001658 22775  0.575675
001659 245    0.212245
001660 351    0.205128
001661 365    0.208219
001662 70759  0.723328
001663 22705  0.605946
001664 326125 1.413253
001665 215    0.241860
001666 309019 1.302557
001667 17065  0.464166
001668 27443  0.519732
001669 971    0.187436
001670 414475 1.629312
001671 297661 1.274184
001672 105755 0.762233
001673 365423 1.430247
001674 183    0.349727
001675 31081  0.553200
001676 39563  0.610394
001677 193651 0.987131
001678 1547   0.268261
001679 10305  0.525376
001680 414373 1.629797
001681 333555 1.427528
001682 18319  0.451226
001683 3683   0.188162
001684 875    0.195429
001685 104213 0.858357
001686 317    0.220820
001687 236695 1.100154
001688 90639  0.727049
001689 28835  0.555714
001690 8957   0.456291
001691 26931  0.533660
001692 1729   0.190283
001693 38709  0.643649
001694 15169  0.545784
001695 5103   0.194004
001696 499    0.248497
001697 937    0.223052
001698 22377  0.586987
001699 65227  0.703466
001700 319121 1.332952
001701 135    0.259259
001702 5203   0.191620
001703 303055 1.293306
001704 418601 1.597579
001705 1047   0.304680
001706 529    0.190926
001707 579327 2.052903
001708 6395   0.197654
001709 28545  0.558977
001710 511587 1.887378
001711 2033   0.203640
001712 66155  0.682035
001713 10469  0.584010
001714 344427 1.429014
001715 54845  0.603647
001716 9419   0.528825
001717 438005 1.761217
001718 158999 1.010032
001719 102493 0.819510
001720 5453   0.189620
001721 3213   0.188298
001722 5523   0.204780
001723 245    0.208163
001724 12011  0.630589
001725 1527   0.189260
001726 368075 1.439788
001727 21043  0.472319
001728 2891   0.188516
001729 1167   0.187661
001730 373    0.289544
001731 447    0.192394
001732 105619 0.797650
001733 1105   0.211765
001734 55331  0.687698
001735 18995  0.529139
001736 101515 0.849274
001737 2109   0.217639
001738 2403   0.196421
001739 118583 0.898485
001740 47471  0.602557
001741 28647  0.567913
001742 87731  0.778642
001743 24663  0.557191
001744 171863 1.032636
001745 1593   0.247332
001746 1653   0.208711
001747 38723  0.624461
001748 2703   0.216426
001749 92655  0.735783
001750 207    0.231884
001751 1067   0.195876
001752 2033   0.230694
001753 173    0.213873
001754 1409   0.193754
001755 116929 0.841707
001756 90497  0.735107
001757 250289 1.183604
001758 65055  0.670694
001759 493    0.202840
001760 31075  0.546034
001761 3635   0.196974
001762 355    0.259155
001763 1309   0.200917
001764 371    0.202156
001765 1859   0.196342
001766 16667  0.479630
001767 1099   0.232029
001768 7533   0.390416
001769 191227 0.984971
001770 2799   0.196499
001771 165265 1.002100
001772 3991   0.210975
001773 241    0.195021
001774 526495 1.910759
001775 16127  0.483847
001776 477773 1.781384
001777 237465 1.187851
001778 416111 1.677612
001779 145    0.255172
001780 1513   0.196299
001781 112979 0.835633
001782 127    0.259843
001783 869    0.209436
001784 675    0.210370
001785 180959 1.068695
001786 14193  0.557387
001787 8799   0.457438
001788 60047  0.707579
001789 15515  0.545859
001790 1125   0.193778
001791 98037  0.743536
001792 1897   0.199262
001793 62817  0.719757
001794 4183   0.186947
001795 10133  0.519886
001796 10065  0.515251
001797 68991  0.688191
001798 8189   0.483576
001799 137    0.204380
001800 75197  0.733061
001801 1733   0.211771
001802 33165  0.674898
001803 149331 0.915711
001804 439    0.234624
001805 68105  0.693165
001806 119    0.243697
001807 761    0.195795
001808 18849  0.491909
001809 200381 1.089729
001810 223371 1.090316
001811 1749   0.230989
001812 1651   0.187159
001813 11969  0.545910
001814 360519 1.511637
001815 111    0.252252
001816 144193 0.851935
001817 11293  0.551758
001818 145605 0.853302
001819 118303 0.867324
001820 923    0.229686
001821 279    0.197133
001822 35437  0.632503
001823 19679  0.493216
001824 1511   0.200529
001825 2947   0.215473
001826 38317  0.608659
001827 6177   0.191031
001828 241    0.199170
001829 104379 0.750994
001830 81083  0.643834
001831 1191   0.189757
001832 184709 0.996199
001833 1643   0.269020
001834 261    0.218391
001835 35263  0.622834
001836 58635  0.671220
001837 361    0.268698
001838 8861   0.461347
001839 5909   0.213403
001840 24673  0.556276
001841 145    0.206897
001842 1137   0.188215
001843 4207   0.186356
001844 773    0.188875
001845 4653   0.193209
001846 205    0.200000
001847 82047  0.679671
001848 100287 0.707848
001849 36617  0.673348
001850 351    0.227920
001851 5743   0.193801
001852 33863  0.582612
001853 1695   0.203540
001854 50427  0.681857
001855 117    0.222222
001856 219    0.205479
001857 5889   0.231109
001858 2063   0.215705
001859 533071 1.826173
001860 351441 1.394556
001861 56981  0.615100
001862 383497 1.461174
001863 13985  0.527351
001864 1651   0.207753
001865 2097   0.215546
001866 45651  0.607632
001867 14101  0.520105
001868 586401 1.990643
001869 11045  0.520960
001870 401    0.189526
001871 194717 1.028580
001872 553    0.229656
001873 8393   0.469677
001874 8023   0.428393
001875 4649   0.210798
001876 513    0.194932
001877 32123  0.554431
001878 5143   0.206883
001879 4081   0.204607
001880 42729  0.641485
001881 96693  0.754956
001882 22403  0.578494
001883 211581 1.053899
001884 268251 1.216670
001885 123    0.276423
001886 147    0.210884
001887 462781 1.766043
001888 145    0.262069
001889 68367  0.680284
001890 881    0.190692
001891 193    0.207254
001892 1247   0.233360
001893 117    0.341880
001894 553    0.195298
001895 2877   0.196038
001896 4555   0.194731
001897 7975   0.482006
001898 357    0.221289
001899 8405   0.501487
001900 1081   0.214616
001901 290095 1.232376
001902 311409 1.351017
001903 203875 1.015093
001904 17407  0.470041
001905 111    0.207207
001906 5749   0.186989
001907 109071 0.803082
001908 63137  0.696089
001909 1117   0.190689
001910 5429   0.201326
001911 133    0.210526
001912 32481  0.558080
001913 44813  0.667016
001914 112925 0.884587
001915 169    0.254438
001916 503    0.234592
001917 18011  0.532508
001918 116061 0.851707
001919 87027  0.710010
001920 249    0.236948
001921 25109  0.535067
001922 3923   0.250064
001923 437    0.187643
001924 162207 0.948806
001925 170437 0.956881
001926 4665   0.193140
001927 531    0.265537
001928 13967  0.526527
001929 159943 0.961067
001930 22303  0.531902
001931 645    0.190698
001932 1485   0.187205
001933 3613   0.188209
001934 119161 0.800505
001935 19735  0.533012
001936 639    0.189358
001937 517    0.187621
001938 4071   0.184721
001939 9739   0.485471
001940 1073   0.186393
001941 19531  0.448723
001942 101    0.237624
001943 49635  0.683348
001944 931    0.214823
001945 481409 1.717729
001946 669    0.221226
001947 70987  0.679575
001948 150439 0.854812
001949 161501 0.952335
001950 10687  0.516703
001951 7769   0.398378
001952 140009 0.859345
001953 92851  0.734402
001954 2747   0.212960
001955 1611   0.188703
001956 8349   0.511678
001957 54879  0.613331
001958 363493 1.413458
001959 318297 1.324021
001960 5291   0.191268
001961 90983  0.759669
001962 182965 0.977045
001963 9991   0.522871
001964 35035  0.600057
001965 379255 1.451011
001966 546283 1.889162
001967 4229   0.206905
001968 46589  0.655562
001969 145    0.331034
001970 1985   0.216625
001971 18967  0.488058
001972 7353   0.399157
001973 13641  0.542775
001974 849    0.202591
001975 1077   0.219127
001976 17453  0.480433
001977 4549   0.216751
001978 6799   0.214002
001979 7577   0.418371
001980 258819 1.235759
001981 169135 1.025317
001982 593    0.276560
001983 301    0.196013
001984 579    0.203800
001985 6283   0.206112
001986 292679 1.293062
001987 81755  0.676839
001988 6779   0.215076
001989 2427   0.220849
001990 13233  0.553994
001991 1233   0.306569
001992 6405   0.204215
001993 19045  0.512891
001994 225    0.204444
001995 240645 1.168443
001996 1035   0.220290
001997 5613   0.211830
001998 1415   0.223322
001999 20301  0.530220
