000000 463391 2.109907
000001 127    0.283465
000002 61837  0.673788
000003 45     0.266667
000004 173    0.231214
000005 415677 1.611812
000006 1183   0.205410
000007 2279   0.199649
000008 891    0.194164
000009 17789  0.533026
000010 382135 1.894597
000011 22071  0.704952
000012 263773 1.307810
000013 10945  0.537871
000014 442043 1.705732
000015 197197 0.977971
000016 3641   0.227135
000017 642775 2.160635
000018 173197 0.913480
000019 6293   0.195137
000020 36131  0.681824
000021 502381 1.790742
000022 4293   0.196832
000023 35     0.257143
000024 32693  0.551800
000025 417    0.191847
000026 813    0.188192
000027 407    0.189189
000028 50787  0.651801
000029 1024265 3.092538
000030 1669   0.204913
000031 59695  0.650624
000032 9511   0.596047
000033 947    0.202746
000034 76303  0.732055
000035 41     0.268293
000036 7701   0.422543
000037 502027 1.776287
000038 81     0.271605
000039 287    0.236934
000040 2041   0.196962
000041 455679 1.617606
000042 1093   0.204026
000043 6549   0.202932
000044 272063 1.190912
000045 14847  0.537213
000046 204283 0.964011
000047 605009 1.948945
000048 8857   0.493395
000049 21711  0.517848
000050 153183 0.903841
000051 80809  0.708325
000052 2341   0.203332
000053 125    0.208000
000054 213    0.201878
000055 471405 1.736980
000056 971761 2.905595
000057 2563   0.210300
000058 27815  0.598670
000059 71365  0.746374
000060 1013   0.210267
000061 97513  0.771610
000062 87609  0.721650
000063 39     0.307692
000064 720181 2.293136
000065 642823 2.089054
000066 315211 1.356317
000067 646439 2.042703
000068 1821   0.194399
000069 35969  0.717229
000070 56525  0.624361
000071 3145   0.229889
000072 4723   0.225704
000073 12679  0.627179
000074 14007  0.567788
000075 8409   0.524200
000076 657427 2.149238
000077 129    0.255814
000078 1511   0.245533
000079 71009  0.728908
000080 137    0.240876
000081 699    0.246066
000082 43257  0.651016
000083 219    0.219178
000084 113    0.221239
000085 7699   0.411482
000086 1083833 3.119458
000087 26789  0.583448
000088 129    0.224806
000089 1903   0.236994
000090 273563 1.222157
000091 292067 1.297254
000092 39235  0.655078
000093 88699  0.706242
000094 37     0.324324
000095 110493 0.757116
000096 5895   0.215267
000097 202431 0.998306
000098 20551  0.464941
000099 171    0.198830
000100 24541  0.532211
000101 58545  0.591716
000102 2711   0.198820
000103 253    0.217391
000104 1141   0.186678
000105 39981  0.601761
000106 21315  0.506592
000107 70503  0.694439
000108 228529 1.092216
000109 375    0.290667
000110 189    0.227513
000111 33755  0.625181
000112 154233 0.886555
000113 381    0.228346
000114 661573 2.121282
000115 1195   0.245188
000116 7197   0.359316
000117 87     0.425287
000118 1923   0.200208
000119 28737  0.603856
000120 49     0.265306
000121 293    0.262799
000122 747571 2.326761
000123 111    0.261261
000124 3213   0.226891
000125 2641   0.261643
000126 2997   0.199199
000127 355    0.247887
000128 47     0.255319
000129 97     0.381443
000130 387    0.224806
000131 25247  0.578920
000132 9143   0.530570
000133 22729  0.544635
000134 604843 1.965781
000135 4041   0.193764
000136 917319 2.673357
000137 29649  0.512328
000138 43     0.255814
000139 130847 0.742722
000140 644191 2.039900
000141 18059  0.452627
000142 3637   0.186142
000143 17025  0.456270
000144 9903   0.492477
000145 51297  0.639842
000146 29911  0.557253
000147 485847 1.648204
000148 679    0.312224
000149 375    0.194667
000150 2731   0.225925
000151 4575   0.186448
000152 279685 1.135688
000153 129    0.255814
000154 6221   0.190805
000155 815    0.188957
000156 409    0.190709
000157 103    0.233010
000158 483885 1.617074
000159 39     0.307692
000160 25523  0.616973
000161 1503   0.201597
000162 46923  0.679986
000163 594159 1.911818
000164 13059  0.609465
000165 525163 1.891253
000166 73     0.273973
000167 669    0.215247
000168 115    0.373913
000169 484359 1.746795
000170 675    0.208889
000171 89     0.213483
000172 170683 0.895174
000173 86927  0.678316
000174 314669 1.329095
000175 211    0.241706
000176 14647  0.558476
000177 2171   0.198526
000178 984893 2.843404
000179 560407 1.851826
000180 388367 1.441675
000181 65     0.276923
000182 5145   0.196890
000183 11469  0.586712
000184 435451 1.562203
000185 6311   0.246871
000186 1917   0.206573
000187 78441  0.730524
000188 51     0.274510
000189 499    0.210421
000190 187325 0.982309
000191 179    0.251397
000192 8003   0.469824
000193 84771  0.764802
000194 18845  0.505811
000195 65751  0.769935
000196 77     0.285714
000197 24795  0.625570
000198 211    0.213270
000199 7839   0.437046
000200 7013   0.345359
000201 1637   0.202199
000202 33     0.272727
000203 37     0.270270
000204 959147 2.756798
000205 55061  0.617497
000206 3491   0.225723
000207 33     0.272727
000208 415777 1.539150
000209 458007 1.699793
000210 1367   0.207023
000211 90465  0.671221
000212 32359  0.559473
000213 212417 1.027950
000214 13983  0.552886
000215 301    0.202658
000216 200225 1.007012
000217 83     0.277108
000218 35     0.285714
000219 435    0.250575
000220 383    0.201044
000221 651    0.195084
000222 103    0.242718
000223 123    0.219512
000224 22943  0.630083
000225 52519  0.644548
000226 280769 1.147588
000227 4887   0.211172
000228 305    0.213115
000229 734541 2.233018
000230 279    0.232975
000231 40015  0.620392
000232 247303 1.086990
000233 4273   0.192371
000234 51     0.274510
000235 141525 0.855870
000236 942301 2.710964
000237 31013  0.549415
000238 11675  0.599657
000239 1285   0.221790
000240 71495  0.678425
000241 6965   0.320029
000242 6135   0.186797
000243 65     0.246154
000244 1485   0.200673
000245 26309  0.535064
000246 44771  0.592772
000247 41     0.268293
000248 14363  0.550024
000249 61     0.229508
000250 366365 1.458073
000251 401    0.239401
000252 20707  0.535761
000253 605    0.216529
000254 2081   0.199904
000255 11843  0.620958
000256 37983  0.675355
000257 102165 0.762756
000258 71     0.394366
000259 3313   0.226985
000260 460551 1.660157
000261 73     0.356164
000262 309    0.265372
000263 22893  0.576333
000264 56181  0.601200
000265 50943  0.635514
000266 20835  0.501944
000267 226167 1.082970
000268 819    0.228327
000269 4069   0.187515
000270 42317  0.607605
000271 8065   0.421327
000272 10187  0.567390
000273 117    0.264957
000274 636415 1.930644
000275 201471 0.994808
000276 65     0.276923
000277 75     0.240000
000278 27987  0.527602
000279 203    0.197044
000280 77187  0.677614
000281 1131   0.196286
000282 24481  0.539194
000283 1001099 2.835730
000284 42647  0.608882
000285 35339  0.603582
000286 1393   0.203159
000287 413    0.188862
000288 2817   0.188498
000289 58367  0.599346
000290 279777 1.164788
000291 601319 2.231478
000292 25287  0.893582
000293 489    0.321063
000294 679    0.297496
000295 789    0.302915
000296 213417 1.452602
000297 99     0.252525
000298 111    0.207207
000299 57215  0.613161
000300 217609 1.007224
000301 166339 0.883870
000302 525    0.268571
000303 237    0.194093
000304 844035 2.601954
000305 4207   0.217019
000306 126459 0.831898
000307 103915 0.832632
000308 4453   0.218504
000309 45065  0.627250
000310 31243  0.553340
000311 27977  0.585481
000312 111    0.396396
000313 165    0.230303
000314 241    0.228216
000315 23809  0.646562
000316 259    0.366795
000317 105    0.238095
000318 23601  0.625948
000319 94031  0.804809
000320 55     0.309091
000321 1879   0.237360
000322 67     0.238806
000323 1285   0.207004
000324 2755   0.225771
000325 11899  0.588117
000326 73873  0.715214
000327 447    0.237136
000328 839321 2.688412
000329 221241 1.151147
000330 213495 1.118897
000331 277    0.231047
000332 11663  0.578925
000333 6089   0.199540
000334 23965  0.559816
000335 53389  0.605012
000336 203    0.206897
000337 481    0.195426
000338 35     0.257143
000339 106199 0.715779
000340 633919 1.923602
000341 45     0.311111
000342 17591  0.518049
000343 79985  0.715872
000344 27277  0.549474
000345 540415 1.762122
000346 2249   0.189418
000347 487    0.188912
000348 254491 1.067959
000349 91111  0.712098
000350 331    0.250755
000351 451    0.192905
000352 207    0.212560
000353 209    0.200957
000354 777    0.189189
000355 2455   0.206925
000356 2309   0.184929
000357 3381   0.204969
000358 35     0.257143
000359 6649   0.192961
000360 93     0.215054
000361 73     0.232877
000362 4781   0.187199
000363 498513 1.674428
000364 15177  0.508730
000365 132901 0.752207
000366 1167559 3.078600
000367 32277  0.572017
000368 97     0.226804
000369 22795  0.559377
000370 70293  0.671205
000371 235    0.204255
000372 1009163 2.755939
000373 47     0.297872
000374 2985   0.195645
000375 705    0.200000
000376 478421 1.606541
000377 209    0.244019
000378 5379   0.190742
000379 2857   0.203360
000380 567495 1.977223
000381 3367   0.246510
000382 33     0.272727
000383 705    0.201418
000384 1825   0.226301
000385 135    0.229630
000386 271    0.328413
000387 626867 1.996987
000388 623    0.221509
000389 915317 2.677961
000390 172599 0.916865
000391 2845   0.229525
000392 289    0.204152
000393 59561  0.603046
000394 675419 2.014946
000395 53153  0.583504
000396 385    0.225974
000397 4213   0.198908
000398 57393  0.634311
000399 135    0.244444
000400 307    0.201954
000401 76621  0.672309
000402 3919   0.201837
000403 144125 0.843608
000404 81     0.271605
000405 439731 1.512340
000406 731    0.238030
000407 23209  0.551639
000408 26563  0.527312
000409 705689 2.078355
000410 14937  0.526076
000411 53     0.226415
000412 9725   0.550437
000413 22097  0.543196
000414 40597  0.619504
000415 441605 1.526758
000416 527    0.252372
000417 99     0.232323
000418 183    0.218579
000419 6855   0.218673
000420 37     0.270270
000421 117973 0.771812
000422 49     0.285714
000423 149    0.241611
000424 1933   0.232799
000425 231265 1.092517
000426 51     0.313725
000427 20059  0.462336
000428 2207   0.186226
000429 10545  0.542437
000430 374219 1.384355
000431 692709 2.048537
000432 61     0.278689
000433 2525   0.195644
000434 93     0.225806
000435 300831 1.225050
000436 17495  0.519863
000437 4101   0.245306
000438 387    0.245478
000439 198003 1.010732
000440 4389   0.192982
000441 197819 0.989303
000442 1941   0.202473
000443 50785  0.620341
000444 55     0.236364
000445 14573  0.509435
000446 1146851 3.101685
000447 337    0.231454
000448 445    0.208989
000449 77     0.441558
000450 185    0.216216
000451 1535   0.201954
000452 31769  0.575498
000453 23173  0.558797
000454 97957  0.788570
000455 703621 2.196636
000456 10151  0.589203
000457 2919   0.225762
000458 1007   0.215492
000459 6777   0.209385
000460 107    0.242991
000461 57     0.263158
000462 515439 1.899367
000463 249    0.269076
000464 49     0.265306
000465 633    0.227488
000466 4731   0.209469
000467 25421  0.600724
000468 974115 2.795406
000469 39     0.333333
000470 6297   0.191837
000471 1439   0.261987
000472 75     0.280000
000473 733851 2.210521
000474 5171   0.191066
000475 227    0.193833
000476 5689   0.187379
000477 3721   0.185434
000478 4111   0.198978
000479 1545   0.187702
000480 183311 0.972528
000481 9433   0.533446
000482 141681 0.884981
000483 102861 0.711066
000484 65     0.276923
000485 111    0.216216
000486 4577   0.211492
000487 199    0.291457
000488 285    0.270175
000489 137    0.211679
000490 12463  0.671989
000491 487    0.195072
000492 623    0.195827
000493 121745 0.726009
000494 379743 1.450457
000495 41057  0.619724
000496 8543   0.551212
000497 970309 2.857550
000498 108319 0.734137
000499 3281   0.191100
000500 59     0.220339
000501 5459   0.209196
000502 99     0.232323
000503 53     0.226415
000504 33     0.272727
000505 367491 1.397079
000506 153927 0.852170
000507 56135  0.591610
000508 431    0.211137
000509 1003501 2.828324
000510 375687 1.488279
000511 401    0.239401
000512 97     0.226804
000513 12951  0.569454
000514 1331   0.202104
000515 81765  0.643967
000516 305891 1.262780
000517 1629   0.195826
000518 716217 2.247341
000519 210259 1.109422
000520 187    0.256684
000521 20703  0.521615
000522 2411   0.197843
000523 467    0.239829
000524 129    0.224806
000525 279    0.211470
000526 583    0.204117
000527 22271  0.526020
000528 375    0.202667
000529 893    0.199328
000530 140749 0.918372
000531 882877 2.631640
000532 189    0.248677
000533 269    0.215613
000534 67     0.477612
000535 1583   0.207833
000536 27689  0.572791
000537 1355   0.190406
000538 30533  0.537648
000539 2989   0.206089
000540 9001   0.496500
000541 23187  0.569630
000542 469    0.194030
000543 2299   0.187473
000544 107    0.205607
000545 289    0.256055
000546 69     0.231884
000547 538749 1.776844
000548 571013 1.895050
000549 36861  0.652831
000550 16701  0.544039
000551 203579 1.030273
000552 111    0.261261
000553 65099  0.668705
000554 542645 1.856372
000555 1403   0.191732
000556 31267  0.552979
000557 749613 2.234848
000558 175185 0.991409
000559 436649 1.604957
000560 53     0.339623
000561 10047  0.542052
000562 63083  0.717087
000563 4419   0.212718
000564 13409  0.580356
000565 5483   0.201714
000566 10243  0.528068
000567 1895   0.202111
000568 186793 1.073772
000569 261973 1.182408
000570 296415 1.302407
000571 60945  0.593371
000572 711    0.196906
000573 57     0.228070
000574 5017   0.201913
000575 1225   0.187755
000576 297    0.195286
000577 5115   0.187292
000578 69     0.231884
000579 2263   0.217411
000580 186361 0.984492
000581 347    0.328530
000582 18563  0.516511
000583 6043   0.256661
000584 633125 1.984441
000585 107    0.261682
000586 65141  0.720391
000587 57     0.280702
000588 585675 1.922281
000589 15139  0.508026
000590 1407   0.207534
000591 75     0.240000
000592 1597   0.189731
000593 747    0.199465
000594 3791   0.186231
000595 585    0.201709
000596 165861 0.900766
000597 151    0.251656
000598 3891   0.188383
000599 42345  0.619459
000600 57     0.263158
000601 273    0.205128
000602 563899 1.823135
000603 16723  0.471327
000604 1180279 3.257051
000605 807    0.208178
000606 339309 1.308430
000607 32607  0.532278
000608 201    0.223881
000609 67     0.223881
000610 13859  0.525796
000611 770377 2.291782
000612 5269   0.213133
000613 152441 0.923092
000614 47     0.297872
000615 57     0.245614
000616 247129 1.145232
000617 751    0.262317
000618 127    0.220472
000619 3285   0.204262
000620 7675   0.391792
000621 1473   0.198914
000622 1865   0.201072
000623 153    0.215686
000624 30993  0.569419
000625 354171 1.380426
000626 6685   0.218250
000627 2151   0.191074
000628 876071 2.549140
000629 3153   0.195369
000630 66577  0.659312
000631 157    0.248408
000632 320823 1.332638
000633 17677  0.480059
000634 6197   0.194610
000635 3709   0.198436
000636 178651 0.953065
000637 10201  0.568964
000638 73     0.260274
000639 231    0.207792
000640 137229 0.921766
000641 95     0.273684
000642 39     0.282051
000643 8797   0.541207
000644 3329   0.215981
000645 350971 1.405475
000646 150643 0.892806
000647 347761 1.334471
000648 149637 0.850284
000649 191    0.287958
000650 241    0.203320
000651 39883  0.637389
000652 145    0.206897
000653 1014217 2.773468
000654 978631 2.725583
000655 81     0.493827
000656 3609   0.206705
000657 109201 0.767603
000658 7031   0.354715
000659 876139 2.647155
000660 24037  0.529725
000661 45     0.622222
000662 495    0.220202
000663 1103   0.221215
000664 2991   0.221999
000665 7625   0.427016
000666 24747  0.574130
000667 6699   0.193760
000668 595    0.196639
000669 50999  0.650268
000670 37     0.297297
000671 219    0.219178
000672 41     0.243902
000673 3123   0.227986
000674 537    0.210428
000675 791299 2.272035
000676 6505   0.190930
000677 61027  0.598555
000678 185999 0.951188
000679 168729 0.897575
000680 557751 1.819726
000681 30079  0.556867
000682 67     0.253731
000683 13399  0.559818
000684 243    0.209877
000685 239545 1.075330
000686 6037   0.219811
000687 1119   0.198391
000688 17209  0.489976
000689 634191 1.952853
000690 3751   0.189283
000691 905    0.201105
000692 137    0.204380
000693 4345   0.242348
000694 458295 1.556986
000695 51359  0.672287
000696 127    0.236220
000697 37     0.270270
000698 115    0.234783
000699 16417  0.506731
000700 1385   0.206498
000701 153    0.222222
000702 19811  0.477109
000703 113433 0.760837
000704 49     0.285714
000705 12587  0.544053
000706 101    0.217822
000707 6949   0.346812
000708 559    0.214669
000709 1048113 3.043705
000710 443691 1.678853
000711 83     0.325301
000712 173369 0.948295
000713 9819   0.508606
000714 1237   0.186742
000715 1223   0.184791
000716 41     0.609756
000717 75587  0.672285
000718 982411 2.882707
000719 781    0.230474
000720 432201 1.622333
000721 239387 1.162820
000722 757    0.277411
000723 802421 2.536615
000724 969    0.234262
000725 21095  0.552453
000726 150787 0.903984
000727 3247   0.203573
000728 7311   0.361510
000729 71     0.225352
000730 531141 1.912948
000731 1927   0.216917
000732 1171   0.185312
000733 475    0.250526
000734 35331  0.623079
000735 2423   0.189847
000736 4483   0.187598
000737 1375   0.194909
000738 56743  0.615195
000739 2675   0.207103
000740 919    0.198041
000741 45     0.244444
000742 1949   0.185736
000743 305685 1.330019
000744 193    0.290155
000745 5823   0.194230
000746 1048635 3.044290
000747 501471 1.846851
000748 16963  0.477569
000749 319    0.219436
000750 317    0.192429
000751 41     0.268293
000752 79863  0.658716
000753 41137  0.588205
000754 62213  0.618279
000755 10379  0.505155
000756 63     0.238095
000757 6019   0.203854
000758 115    0.217391
000759 59     0.237288
000760 905    0.187845
000761 1367   0.229700
000762 8911   0.455841
000763 531    0.205273
000764 23047  0.527401
000765 26511  0.511335
000766 89103  0.776405
000767 44769  0.646787
000768 79     0.240506
000769 81     0.234568
000770 4395   0.201820
000771 5271   0.193891
000772 55     0.254545
000773 551    0.201452
000774 1573   0.193261
000775 52953  0.613865
000776 1047253 2.910680
000777 30517  0.551594
000778 259451 1.095914
000779 2221   0.198559
000780 6039   0.189435
000781 2203   0.187472
000782 3009   0.193087
000783 8105   0.400370
000784 9137   0.476524
000785 326111 1.321317
000786 6061   0.190728
000787 55     0.236364
000788 249503 1.096552
000789 682349 2.054418
000790 495    0.284848
000791 469    0.204691
000792 1383   0.199566
000793 57     0.245614
000794 18441  0.518627
000795 14259  0.580195
000796 819677 2.731009
000797 63     0.285714
000798 74865  0.724037
000799 10815  0.545076
000800 29539  0.578726
000801 14013  0.618140
000802 195    0.246154
000803 59     0.254237
000804 47089  0.667757
000805 795715 2.405491
000806 116075 0.735619
000807 3599   0.223118
000808 57639  0.593470
000809 16937  0.510480
000810 4385   0.187229
000811 1697   0.185622
000812 31399  0.537852
000813 143    0.209790
000814 357    0.215686
000815 8391   0.486593
000816 129    0.271318
000817 11389  0.563351
000818 66085  0.720496
000819 149305 0.933626
000820 4945   0.211122
000821 31091  0.577177
000822 57     0.263158
000823 90049  0.741463
000824 4981   0.225055
000825 95     0.231579
000826 7153   0.360688
000827 231411 1.218494
000828 712455 2.310758
000829 455793 1.566917
000830 9219   0.477926
000831 205    0.195122
000832 665    0.248120
000833 26039  0.515803
000834 341    0.193548
000835 470683 1.720791
000836 2091   0.208991
000837 18455  0.525061
000838 3645   0.194513
000839 180335 0.912424
000840 3039   0.212241
000841 687    0.186317
000842 40135  0.592052
000843 63     0.238095
000844 609    0.198686
000845 184049 0.912686
000846 105    0.257143
000847 1015   0.194089
000848 5153   0.197749
000849 1183439 3.405823
000850 29069  0.532148
000851 941239 2.664107
000852 499451 1.907891
000853 699    0.290415
000854 905    0.279558
000855 63181  0.863772
000856 27493  0.708289
000857 2067   0.268021
000858 456147 1.604954
000859 126375 0.778311
000860 4535   0.225358
000861 1087709 3.025544
000862 1333   0.197299
000863 941    0.185972
000864 12061  0.569439
000865 1073327 3.055653
000866 825    0.253333
000867 315955 1.315925
000868 12277  0.607803
000869 4485   0.226087
000870 137    0.226277
000871 3295   0.199090
000872 987    0.221884
000873 497    0.197183
000874 779    0.193838
000875 102953 0.766214
000876 79     0.278481
000877 157    0.222930
000878 23097  0.582154
000879 2175   0.191724
000880 579433 1.931278
000881 83     0.313253
000882 167    0.245509
000883 93789  0.714647
000884 541    0.219963
000885 14967  0.528229
000886 65501  0.670051
000887 1041   0.191162
000888 2701   0.232506
000889 109    0.201835
000890 29555  0.548672
000891 282399 1.142564
000892 571    0.262697
000893 10643  0.574086
000894 3051   0.188135
000895 95     0.231579
000896 63     0.222222
000897 22061  0.516522
000898 404657 1.493183
000899 16359  0.519347
000900 188039 1.024718
000901 877    0.222349
000902 708401 2.190833
000903 2341   0.192653
000904 112267 0.842866
000905 593905 2.023701
000906 355    0.236620
000907 374543 1.399327
000908 53     0.283019
000909 19739  0.471098
000910 69     0.260870
000911 134373 0.836046
000912 37507  0.629429
000913 8617   0.435186
000914 187957 0.955798
000915 459    0.224401
000916 539    0.198516
000917 11535  0.574252
000918 51     0.254902
000919 186255 0.971093
000920 35671  0.606908
000921 18167  0.465404
000922 7453   0.342949
000923 289    0.197232
000924 2579   0.207445
000925 2133   0.188936
000926 23211  0.686485
000927 3109   0.188485
000928 824469 2.390819
000929 4517   0.199247
000930 629509 1.926123
000931 32309  0.530936
000932 373761 1.419121
000933 13627  0.672415
000934 33     0.303030
000935 79885  0.685911
000936 10835  0.582003
000937 111    0.216216
000938 13841  0.609060
000939 227    0.211454
000940 239707 1.124189
000941 4865   0.210894
000942 25799  0.567076
000943 71     0.253521
000944 91     0.285714
000945 153    0.209150
000946 40241  0.607738
000947 91     0.219780
000948 1113   0.205750
000949 8945   0.511459
000950 131    0.221374
000951 1491   0.204561
000952 4099   0.200537
000953 1091885 3.159197
000954 227747 1.068848
000955 13625  0.554789
000956 65     0.476923
000957 1555   0.199357
000958 53     0.264151
000959 43     0.255814
000960 3127   0.232811
000961 73909  0.703636
000962 997585 2.736449
000963 35     0.342857
000964 28819  0.566675
000965 5461   0.185497
000966 60893  0.627215
000967 1375   0.218182
000968 144813 0.894374
000969 20925  0.489892
000970 251    0.195219
000971 410659 1.466170
000972 161    0.347826
000973 81     0.222222
000974 329    0.206687
000975 7803   0.390875
000976 123    0.203252
000977 16891  0.476940
000978 135477 0.863682
000979 173    0.265896
000980 5539   0.219173
000981 131    0.221374
000982 2661   0.196918
000983 287859 1.187484
000984 43463  0.617882
000985 2859   0.195173
000986 79161  0.703869
000987 3533   0.226153
000988 650791 1.983024
000989 25435  0.530214
000990 25925  0.547271
000991 111    0.225225
000992 121    0.214876
000993 18129  0.478570
000994 53     0.226415
000995 1189   0.199327
000996 1045199 2.827688
000997 75     0.266667
000998 2453   0.191602
000999 71     0.239437
