000000 463391 1.685147
000001 127    0.267717
000002 61837  0.456393
000003 45     0.288889
000004 173    0.225434
000005 415677 1.147913
000006 1183   0.207101
000007 2279   0.193506
000008 891    0.228956
000009 17789  0.383327
000010 382135 1.099805
000011 22071  0.373477
000012 263773 0.828057
000013 10945  0.364824
000014 442043 1.202252
000015 197197 0.684813
000016 3641   0.197748
000017 642775 1.671694
000018 173197 0.640814
000019 6293   0.212935
000020 36131  0.403974
000021 502381 1.322759
000022 4293   0.228977
000023 35     0.285714
000024 32693  0.404429
000025 417    0.206235
000026 813    0.202952
000027 407    0.218673
000028 50787  0.439916
000029 1024265 2.475402
000030 1669   0.203715
000031 59695  0.422983
000032 9511   0.402692
000033 947    0.295671
000034 76303  0.520871
000035 41     0.341463
000036 7701   0.284379
000037 502027 1.346874
000038 81     0.283951
000039 287    0.240418
000040 2041   0.201372
000041 455679 1.205482
000042 1093   0.209515
000043 6549   0.201405
000044 272063 0.856485
000045 14847  0.409578
000046 204283 0.718425
000047 605009 1.525034
000048 8857   0.318166
000049 21711  0.408226
000050 153183 0.607580
000051 80809  0.485676
000052 2341   0.236651
000053 125    0.216000
000054 213    0.347418
000055 471405 1.268037
000056 971761 2.284913
000057 2563   0.218884
000058 27815  0.418120
000059 71365  0.460338
000060 1013   0.222113
000061 97513  0.515070
000062 87609  0.477850
000063 39     0.333333
000064 720181 1.737390
000065 642823 1.605708
000066 315211 0.986831
000067 646439 1.639892
000068 1821   0.199890
000069 35969  0.441769
000070 56525  0.414719
000071 3145   0.186328
000072 4723   0.187804
000073 12679  0.405631
000074 14007  0.393161
000075 8409   0.302414
000076 657427 1.650515
000077 129    0.263566
000078 1511   0.207148
000079 71009  0.442634
000080 137    0.262774
000081 699    0.213162
000082 43257  0.410338
000083 219    0.205479
000084 113    0.212389
000085 7699   0.286271
000086 1083833 2.484270
000087 26789  0.400276
000088 129    0.209302
000089 1903   0.201787
000090 273563 0.844961
000091 292067 0.897017
000092 39235  0.401682
000093 88699  0.474616
000094 37     0.621622
000095 110493 0.512132
000096 5895   0.221035
000097 202431 0.733974
000098 20551  0.358425
000099 171    0.198830
000100 24541  0.406829
000101 58545  0.441148
000102 2711   0.234231
000103 253    0.264822
000104 1141   0.190184
000105 39981  0.417398
000106 21315  0.383110
000107 70503  0.451016
000108 228529 0.813643
000109 375    0.285333
000110 189    0.211640
000111 33755  0.397126
000112 154233 0.629619
000113 381    0.238845
000114 661573 1.646166
000115 1195   0.200000
000116 7197   0.252744
000117 87     0.218391
000118 1923   0.185647
000119 28737  0.402269
000120 49     0.244898
000121 293    0.215017
000122 747571 1.828426
000123 111    0.261261
000124 3213   0.193277
000125 2641   0.185536
000126 2997   0.191191
000127 355    0.191549
000128 47     0.702128
000129 97     0.206186
000130 387    0.191214
000131 25247  0.423456
000132 9143   0.320136
000133 22729  0.402305
000134 604843 1.534259
000135 4041   0.194259
000136 917319 2.131067
000137 29649  0.392121
000138 43     0.255814
000139 130847 0.601466
000140 644191 1.609400
000141 18059  0.355225
000142 3637   0.186142
000143 17025  0.363642
000144 9903   0.379178
000145 51297  0.451157
000146 29911  0.451339
000147 485847 1.289694
000148 679    0.207658
000149 375    0.194667
000150 2731   0.187843
000151 4575   0.211585
000152 279685 0.872142
000153 129    0.310078
000154 6221   0.207362
000155 815    0.192638
000156 409    0.198044
000157 103    0.213592
000158 483885 1.283972
000159 39     0.512821
000160 25523  0.409787
000161 1503   0.192947
000162 46923  0.422842
000163 594159 1.507921
000164 13059  0.402558
000165 525163 1.357101
000166 73     0.287671
000167 669    0.231689
000168 115    0.252174
000169 484359 1.279683
000170 675    0.232593
000171 89     0.213483
000172 170683 0.648237
000173 86927  0.474985
000174 314669 0.932952
000175 211    0.246445
000176 14647  0.379190
000177 2171   0.186550
000178 984893 2.235809
000179 560407 1.457633
000180 388367 1.090041
000181 65     0.276923
000182 5145   0.191837
000183 11469  0.428023
000184 435451 1.171470
000185 6311   0.211694
000186 1917   0.186228
000187 78441  0.493135
000188 51     0.313725
000189 499    0.220441
000190 187325 0.737739
000191 179    0.262570
000192 8003   0.321255
000193 84771  0.513725
000194 18845  0.359830
000195 65751  0.452754
000196 77     0.246753
000197 24795  0.429845
000198 211    0.203791
000199 7839   0.269805
000200 7013   0.274775
000201 1637   0.255956
000202 33     0.272727
000203 37     0.270270
000204 959147 2.182870
000205 55061  0.389150
000206 3491   0.227156
000207 33     0.272727
000208 415777 1.159076
000209 458007 1.209516
000210 1367   0.201902
000211 90465  0.498093
000212 32359  0.368646
000213 212417 0.728223
000214 13983  0.403633
000215 301    0.292359
000216 200225 0.711574
000217 83     0.289157
000218 35     0.257143
000219 435    0.377011
000220 383    0.201044
000221 651    0.228879
000222 103    0.252427
000223 123    0.227642
000224 22943  0.398466
000225 52519  0.410537
000226 280769 0.857798
000227 4887   0.256599
000228 305    0.193443
000229 734541 1.797186
000230 279    0.247312
000231 40015  0.406248
000232 247303 0.842602
000233 4273   0.218816
000234 51     0.274510
000235 141525 0.605377
000236 942301 2.195516
000237 31013  0.369232
000238 11675  0.428779
000239 1285   0.201556
000240 71495  0.462872
000241 6965   0.234889
000242 6135   0.192665
000243 65     0.230769
000244 1485   0.221549
000245 26309  0.407845
000246 44771  0.404682
000247 41     0.268293
000248 14363  0.385992
000249 61     0.262295
000250 366365 1.045867
000251 401    0.261845
000252 20707  0.405225
000253 605    0.208264
000254 2081   0.196060
000255 11843  0.424470
000256 37983  0.419267
000257 102165 0.541820
000258 71     0.521127
000259 3313   0.200724
000260 460551 1.249679
000261 73     0.287671
000262 309    0.249191
000263 22893  0.420041
000264 56181  0.425215
000265 50943  0.441808
000266 20835  0.412623
000267 226167 0.802986
000268 819    0.211233
000269 4069   0.204719
000270 42317  0.430654
000271 8065   0.279975
000272 10187  0.364091
000273 117    0.230769
000274 636415 1.619888
000275 201471 0.715627
000276 65     0.292308
000277 75     0.213333
000278 27987  0.385643
000279 203    0.216749
000280 77187  0.482102
000281 1131   0.244916
000282 24481  0.419101
000283 1001099 2.314132
000284 42647  0.403217
000285 35339  0.415490
000286 1393   0.195980
000287 413    0.196126
000288 2817   0.195953
000289 58367  0.430620
000290 279777 0.909213
000291 601319 1.543650
000292 25287  0.405742
000293 489    0.196319
000294 679    0.192931
000295 789    0.225602
000296 213417 0.769667
000297 99     0.272727
000298 111    0.234234
000299 57215  0.439902
000300 217609 0.762059
000301 166339 0.635533
000302 525    0.219048
000303 237    0.198312
000304 844035 2.011979
000305 4207   0.198716
000306 126459 0.583106
000307 103915 0.516663
000308 4453   0.226140
000309 45065  0.428248
000310 31243  0.381782
000311 27977  0.426815
000312 111    0.225225
000313 165    0.206061
000314 241    0.203320
000315 23809  0.395061
000316 259    0.270270
000317 105    0.247619
000318 23601  0.395534
000319 94031  0.515702
000320 55     0.290909
000321 1879   0.198510
000322 67     0.253731
000323 1285   0.247471
000324 2755   0.238475
000325 11899  0.427683
000326 73873  0.502579
000327 447    0.232662
000328 839321 2.010330
000329 221241 0.772669
000330 213495 0.738467
000331 277    0.241877
000332 11663  0.393638
000333 6089   0.198062
000334 23965  0.421782
000335 53389  0.413362
000336 203    0.221675
000337 481    0.199584
000338 35     0.257143
000339 106199 0.531747
000340 633919 1.607612
000341 45     1.133333
000342 17591  0.377011
000343 79985  0.467388
000344 27277  0.396305
000345 540415 1.426798
000346 2249   0.202757
000347 487    0.205339
000348 254491 0.842611
000349 91111  0.534688
000350 331    0.308157
000351 451    0.385809
000352 207    0.222222
000353 209    0.220096
000354 777    0.209781
000355 2455   0.212220
000356 2309   0.208315
000357 3381   0.204673
000358 35     0.285714
000359 6649   0.202587
000360 93     0.236559
000361 73     0.246575
000362 4781   0.201631
000363 498513 1.378259
000364 15177  0.402978
000365 132901 0.592230
000366 1167559 2.674035
000367 32277  0.389317
000368 97     0.226804
000369 22795  0.403290
000370 70293  0.464214
000371 235    0.246809
000372 1009163 2.431138
000373 47     0.659574
000374 2985   0.200670
000375 705    0.299291
000376 478421 1.354869
000377 209    0.253589
000378 5379   0.229411
000379 2857   0.199860
000380 567495 1.452110
000381 3367   0.210276
000382 33     0.272727
000383 705    0.255319
000384 1825   0.217534
000385 135    0.207407
000386 271    0.221402
000387 626867 1.598656
000388 623    0.223114
000389 915317 2.240644
000390 172599 0.681765
000391 2845   0.201054
000392 289    0.207612
000393 59561  0.444922
000394 675419 1.729910
000395 53153  0.410814
000396 385    0.205195
000397 4213   0.208640
000398 57393  0.432178
000399 135    0.274074
000400 307    0.267101
000401 76621  0.483144
000402 3919   0.226078
000403 144125 0.631833
000404 81     0.283951
000405 439731 1.341993
000406 731    0.221614
000407 23209  0.417166
000408 26563  0.429281
000409 705689 1.823714
000410 14937  0.421638
000411 53     0.245283
000412 9725   0.374087
000413 22097  0.400959
000414 40597  0.419883
000415 441605 1.256648
000416 527    0.339658
000417 99     0.212121
000418 183    0.207650
000419 6855   0.194165
000420 37     0.243243
000421 117973 0.535173
000422 49     0.306122
000423 149    0.234899
000424 1933   0.209519
000425 231265 0.761836
000426 51     0.333333
000427 20059  0.361733
000428 2207   0.188944
000429 10545  0.419440
000430 374219 1.066739
000431 692709 1.798280
000432 61     0.295082
000433 2525   0.205149
000434 93     0.225806
000435 300831 0.961128
000436 17495  0.377136
000437 4101   0.224092
000438 387    0.214470
000439 198003 0.702050
000440 4389   0.203919
000441 197819 0.734712
000442 1941   0.212262
000443 50785  0.458206
000444 55     0.290909
000445 14573  0.441227
000446 1146851 2.647888
000447 337    0.246291
000448 445    0.269663
000449 77     0.233766
000450 185    0.205405
000451 1535   0.233225
000452 31769  0.391010
000453 23173  0.416519
000454 97957  0.525251
000455 703621 1.756298
000456 10151  0.377992
000457 2919   0.194245
000458 1007   0.252234
000459 6777   0.203187
000460 107    0.224299
000461 57     0.245614
000462 515439 1.389208
000463 249    0.273092
000464 49     0.244898
000465 633    0.285940
000466 4731   0.197633
000467 25421  0.425593
000468 974115 2.277890
000469 39     0.333333
000470 6297   0.199619
000471 1439   0.237665
000472 75     0.253333
000473 733851 1.813447
000474 5171   0.213885
000475 227    0.198238
000476 5689   0.207945
000477 3721   0.200215
000478 4111   0.206276
000479 1545   0.192233
000480 183311 0.688693
000481 9433   0.372840
000482 141681 0.616399
000483 102861 0.515696
000484 65     0.292308
000485 111    0.225225
000486 4577   0.190736
000487 199    0.195980
000488 285    0.196491
000489 137    0.204380
000490 12463  0.461446
000491 487    0.188912
000492 623    0.195827
000493 121745 0.551637
000494 379743 1.071103
000495 41057  0.410649
000496 8543   0.348238
000497 970309 2.253096
000498 108319 0.509929
000499 3281   0.214569
000500 59     0.271186
000501 5459   0.218538
000502 99     0.212121
000503 53     0.245283
000504 33     0.272727
000505 367491 1.055305
000506 153927 0.610062
000507 56135  0.453710
000508 431    0.222738
000509 1003501 2.332279
000510 375687 1.076505
000511 401    0.249377
000512 97     0.226804
000513 12951  0.469153
000514 1331   0.201352
000515 81765  0.497915
000516 305891 0.965599
000517 1629   0.204420
000518 716217 1.736925
000519 210259 0.717743
000520 187    0.251337
000521 20703  0.371540
000522 2411   0.222729
000523 467    0.224839
000524 129    0.201550
000525 279    0.197133
000526 583    0.209262
000527 22271  0.397108
000528 375    0.194667
000529 893    0.187010
000530 140749 0.574803
000531 882877 2.124561
000532 189    0.243386
000533 269    0.208178
000534 67     0.253731
000535 1583   0.267846
000536 27689  0.455127
000537 1355   0.232472
000538 30533  0.407166
000539 2989   0.201740
000540 9001   0.330408
000541 23187  0.394618
000542 469    0.202559
000543 2299   0.199217
000544 107    0.242991
000545 289    0.224913
000546 69     0.246377
000547 538749 1.447199
000548 571013 1.581722
000549 36861  0.431215
000550 16701  0.397162
000551 203579 0.708212
000552 111    0.261261
000553 65099  0.444339
000554 542645 1.485561
000555 1403   0.209551
000556 31267  0.394825
000557 749613 1.879115
000558 175185 0.665947
000559 436649 1.217124
000560 53     0.320755
000561 10047  0.363392
000562 63083  0.440689
000563 4419   0.188278
000564 13409  0.433962
000565 5483   0.208645
000566 10243  0.359660
000567 1895   0.186807
000568 186793 0.692408
000569 261973 0.857791
000570 296415 0.933843
000571 60945  0.427270
000572 711    0.289733
000573 57     0.245614
000574 5017   0.196133
000575 1225   0.186939
000576 297    0.218855
000577 5115   0.205474
000578 69     0.217391
000579 2263   0.186478
000580 186361 0.672861
000581 347    0.233429
000582 18563  0.377364
000583 6043   0.213636
000584 633125 1.604980
000585 107    0.271028
000586 65141  0.448136
000587 57     0.245614
000588 585675 1.484904
000589 15139  0.379748
000590 1407   0.186923
000591 75     0.226667
000592 1597   0.185974
000593 747    0.215529
000594 3791   0.211026
000595 585    0.194872
000596 165861 0.671297
000597 151    0.264901
000598 3891   0.237471
000599 42345  0.415421
000600 57     0.245614
000601 273    0.208791
000602 563899 1.470925
000603 16723  0.383962
000604 1180279 2.687824
000605 807    0.271375
000606 339309 0.990098
000607 32607  0.398381
000608 201    0.213930
000609 67     0.238806
000610 13859  0.423840
000611 770377 1.873850
000612 5269   0.193016
000613 152441 0.610111
000614 47     0.297872
000615 57     0.228070
000616 247129 0.834754
000617 751    0.213049
000618 127    0.204724
000619 3285   0.194216
000620 7675   0.297068
000621 1473   0.223354
000622 1865   0.246649
000623 153    0.209150
000624 30993  0.406092
000625 354171 1.020645
000626 6685   0.197607
000627 2151   0.198977
000628 876071 2.049244
000629 3153   0.189026
000630 66577  0.441639
000631 157    0.222930
000632 320823 0.951428
000633 17677  0.370538
000634 6197   0.234630
000635 3709   0.232947
000636 178651 0.672204
000637 10201  0.368101
000638 73     0.246575
000639 231    0.203463
000640 137229 0.584942
000641 95     0.273684
000642 39     0.256410
000643 8797   0.322837
000644 3329   0.228898
000645 350971 1.043026
000646 150643 0.608704
000647 347761 0.997332
000648 149637 0.610979
000649 191    0.251309
000650 241    0.228216
000651 39883  0.419803
000652 145    0.227586
000653 1014217 2.310981
000654 978631 2.272645
000655 81     0.370370
000656 3609   0.193405
000657 109201 0.521653
000658 7031   0.289290
000659 876139 2.099934
000660 24037  0.394725
000661 45     0.288889
000662 495    0.236364
000663 1103   0.190390
000664 2991   0.210632
000665 7625   0.300984
000666 24747  0.462117
000667 6699   0.225705
000668 595    0.200000
000669 50999  0.453127
000670 37     0.270270
000671 219    0.315068
000672 41     0.292683
000673 3123   0.204931
000674 537    0.258845
000675 791299 1.930689
000676 6505   0.221522
000677 61027  0.436495
000678 185999 0.698138
000679 168729 0.625316
000680 557751 1.444792
000681 30079  0.399116
000682 67     0.253731
000683 13399  0.417195
000684 243    0.279835
000685 239545 0.810616
000686 6037   0.197118
000687 1119   0.238606
000688 17209  0.375559
000689 634191 1.582965
000690 3751   0.188483
000691 905    0.185635
000692 137    0.335766
000693 4345   0.197468
000694 458295 1.288528
000695 51359  0.415623
000696 127    0.220472
000697 37     0.270270
000698 115    0.217391
000699 16417  0.395809
000700 1385   0.207942
000701 153    0.202614
000702 19811  0.403210
000703 113433 0.545265
000704 49     0.326531
000705 12587  0.458409
000706 101    0.217822
000707 6949   0.230825
000708 559    0.196780
000709 1048113 2.952777
000710 443691 1.193678
000711 83     0.277108
000712 173369 0.651420
000713 9819   0.346267
000714 1237   0.191593
000715 1223   0.188062
000716 41     0.243902
000717 75587  0.454999
000718 982411 2.284327
000719 781    0.209987
000720 432201 1.188831
000721 239387 0.808711
000722 757    0.208719
000723 802421 1.911807
000724 969    0.209494
000725 21095  0.390092
000726 150787 0.607818
000727 3247   0.188482
000728 7311   0.273697
000729 71     0.225352
000730 531141 1.411068
000731 1927   0.213804
000732 1171   0.187020
000733 475    0.206316
000734 35331  0.445671
000735 2423   0.212134
000736 4483   0.215704
000737 1375   0.193455
000738 56743  0.430309
000739 2675   0.200374
000740 919    0.294886
000741 45     0.266667
000742 1949   0.192406
000743 305685 0.917212
000744 193    0.248705
000745 5823   0.209171
000746 1048635 2.734176
000747 501471 1.318160
000748 16963  0.354713
000749 319    0.194357
000750 317    0.223975
000751 41     0.268293
000752 79863  0.458748
000753 41137  0.385833
000754 62213  0.438944
000755 10379  0.379805
000756 63     0.269841
000757 6019   0.186077
000758 115    0.217391
000759 59     0.237288
000760 905    0.196685
000761 1367   0.187271
000762 8911   0.342835
000763 531    0.327684
000764 23047  0.377142
000765 26511  0.416544
000766 89103  0.500432
000767 44769  0.394693
000768 79     0.215190
000769 81     0.222222
000770 4395   0.207281
000771 5271   0.187061
000772 55     0.236364
000773 551    0.190563
000774 1573   0.253020
000775 52953  0.411233
000776 1047253 2.368936
000777 30517  0.391945
000778 259451 0.842652
000779 2221   0.201261
000780 6039   0.189104
000781 2203   0.186110
000782 3009   0.186108
000783 8105   0.330043
000784 9137   0.335230
000785 326111 0.976143
000786 6061   0.222736
000787 55     0.236364
000788 249503 0.798896
000789 682349 1.675575
000790 495    0.296970
000791 469    0.194030
000792 1383   0.245842
000793 57     0.245614
000794 18441  0.390163
000795 14259  0.394698
000796 819677 1.942217
000797 63     0.269841
000798 74865  0.459868
000799 10815  0.377439
000800 29539  0.423203
000801 14013  0.392992
000802 195    0.210256
000803 59     0.254237
000804 47089  0.423857
000805 795715 2.298726
000806 116075 0.722679
000807 3599   0.275354
000808 57639  0.564080
000809 16937  0.513786
000810 4385   0.266363
000811 1697   0.276370
000812 31399  0.484920
000813 143    0.265734
000814 357    0.232493
000815 8391   0.336194
000816 129    0.248062
000817 11389  0.411098
000818 66085  0.470394
000819 149305 0.644607
000820 4945   0.193327
000821 31091  0.371940
000822 57     0.228070
000823 90049  0.480405
000824 4981   0.224654
000825 95     0.221053
000826 7153   0.248847
000827 231411 0.789543
000828 712455 1.773033
000829 455793 1.319961
000830 9219   0.322161
000831 205    0.209756
000832 665    0.187970
000833 26039  0.385191
000834 341    0.193548
000835 470683 1.260836
000836 2091   0.188905
000837 18455  0.382010
000838 3645   0.229355
000839 180335 0.673302
000840 3039   0.197104
000841 687    0.195051
000842 40135  0.438171
000843 63     0.253968
000844 609    0.205255
000845 184049 0.665019
000846 105    0.400000
000847 1015   0.265025
000848 5153   0.194838
000849 1183439 2.693787
000850 29069  0.396574
000851 941239 2.206652
000852 499451 1.386512
000853 699    0.224607
000854 905    0.202210
000855 63181  0.467767
000856 27493  0.401666
000857 2067   0.206096
000858 456147 1.232372
000859 126375 0.554382
000860 4535   0.198015
000861 1087709 2.528004
000862 1333   0.231058
000863 941    0.185972
000864 12061  0.443993
000865 1073327 2.461536
000866 825    0.208485
000867 315955 0.931047
000868 12277  0.420298
000869 4485   0.187737
000870 137    0.226277
000871 3295   0.186950
000872 987    0.261398
000873 497    0.193159
000874 779    0.189987
000875 102953 0.515721
000876 79     0.278481
000877 157    0.248408
000878 23097  0.441876
000879 2175   0.191724
000880 579433 1.469928
000881 83     0.277108
000882 167    0.215569
000883 93789  0.490505
000884 541    0.216266
000885 14967  0.419657
000886 65501  0.436665
000887 1041   0.248799
000888 2701   0.191040
000889 109    0.201835
000890 29555  0.363526
000891 282399 0.923927
000892 571    0.213660
000893 10643  0.395095
000894 3051   0.198623
000895 95     0.231579
000896 63     0.238095
000897 22061  0.385794
000898 404657 1.159271
000899 16359  0.387921
000900 188039 0.672701
000901 877    0.209806
000902 708401 1.759485
000903 2341   0.196924
000904 112267 0.541985
000905 593905 1.490503
000906 355    0.239437
000907 374543 1.060116
000908 53     0.301887
000909 19739  0.373069
000910 69     0.246377
000911 134373 0.582758
000912 37507  0.410883
000913 8617   0.317280
000914 187957 0.683513
000915 459    0.226580
000916 539    0.243043
000917 11535  0.393758
000918 51     0.254902
000919 186255 0.675767
000920 35671  0.426481
000921 18167  0.383993
000922 7453   0.264323
000923 289    0.204152
000924 2579   0.192323
000925 2133   0.217065
000926 23211  0.386584
000927 3109   0.235445
000928 824469 1.952175
000929 4517   0.191942
000930 629509 1.602714
000931 32309  0.365038
000932 373761 1.060579
000933 13627  0.388493
000934 33     0.272727
000935 79885  0.488202
000936 10835  0.376927
000937 111    0.216216
000938 13841  0.421140
000939 227    0.198238
000940 239707 0.785405
000941 4865   0.201028
000942 25799  0.381216
000943 71     0.225352
000944 91     0.219780
000945 153    0.202614
000946 40241  0.413658
000947 91     0.219780
000948 1113   0.194969
000949 8945   0.332588
000950 131    0.221374
000951 1491   0.191147
000952 4099   0.197609
000953 1091885 2.489449
000954 227747 0.752458
000955 13625  0.391633
000956 65     0.230769
000957 1555   0.187138
000958 53     0.245283
000959 43     0.232558
000960 3127   0.191877
000961 73909  0.462839
000962 997585 2.316231
000963 35     0.371429
000964 28819  0.397863
000965 5461   0.210035
000966 60893  0.427915
000967 1375   0.202909
000968 144813 0.585824
000969 20925  0.377443
000970 251    0.199203
000971 410659 1.150103
000972 161    0.242236
000973 81     0.222222
000974 329    0.209726
000975 7803   0.270921
000976 123    0.203252
000977 16891  0.375999
000978 135477 0.656909
000979 173    0.265896
000980 5539   0.211952
000981 131    0.236641
000982 2661   0.210071
000983 287859 0.916852
000984 43463  0.391897
000985 2859   0.189227
000986 79161  0.455692
000987 3533   0.191339
000988 650791 1.648027
000989 25435  0.397995
000990 25925  0.420868
000991 111    0.216216
000992 121    0.223140
000993 18129  0.356280
000994 53     0.264151
000995 1189   0.278385
000996 1045199 2.391747
000997 75     0.293333
000998 2453   0.211985
000999 71     0.239437
