000000 463391 1.585495 58
000001 127    0.307087 0
000002 61837  0.440464 7
000003 45     0.266667 0
000004 173    0.208092 0
000005 415677 1.144071 53
000006 1183   0.203719 0
000007 2279   0.189118 0
000008 891    0.243547 0
000009 17789  0.389510 2
000010 382135 1.061214 48
000011 22071  0.369127 3
000012 263773 0.819182 33
000013 10945  0.399635 1
000014 442043 1.163676 56
000015 197197 0.720041 25
000016 3641   0.217797 0
000017 642775 1.635731 81
000018 173197 0.622372 22
000019 6293   0.190847 0
000020 36131  0.399242 5
000021 502381 1.286579 63
000022 4293   0.192872 0
000023 35     0.428571 0
000024 32693  0.376931 4
000025 417    0.206235 0
000026 813    0.226322 0
000027 407    0.194103 0
000028 50787  0.430366 7
000029 1024265 2.404153 129
000030 1669   0.206711 0
000031 59695  0.465332 7
000032 9511   0.351067 1
000033 947    0.229145 0
000034 76303  0.488094 10
000035 41     0.341463 0
000036 7701   0.277237 1
000037 502027 1.302384 63
000038 81     0.296296 0
000039 287    0.229965 0
000040 2041   0.239098 0
000041 455679 1.691355 58
000042 1093   0.363220 0
000043 6549   0.331196 0
000044 272063 1.209073 34
000045 14847  0.536203 2
000046 204283 0.705149 26
000047 605009 1.476685 76
000048 8857   0.306650 1
000049 21711  0.389572 3
000050 153183 0.605648 20
000051 80809  0.454479 10
000052 2341   0.213157 0
000053 125    0.208000 0
000054 213    0.342723 0
000055 471405 1.244505 60
000056 971761 2.211581 122
000057 2563   0.195084 0
000058 27815  0.387884 4
000059 71365  0.428880 9
000060 1013   0.261599 0
000061 97513  0.535149 13
000062 87609  0.475636 11
000063 39     0.307692 0
000064 720181 1.715245 91
000065 642823 1.586303 81
000066 315211 0.933378 39
000067 646439 1.558306 81
000068 1821   0.215266 0
000069 35969  0.408491 5
000070 56525  0.401115 7
000071 3145   0.189507 0
000072 4723   0.188440 0
000073 12679  0.437732 1
000074 14007  0.388948 2
000075 8409   0.292068 1
000076 657427 1.597961 83
000077 129    0.271318 0
000078 1511   0.203177 0
000079 71009  0.466899 9
000080 137    0.394161 0
000081 699    0.250358 0
000082 43257  0.422960 6
000083 219    0.237443 0
000084 113    0.221239 0
000085 7699   0.284323 1
000086 1083833 2.420945 137
000087 26789  0.372242 3
000088 129    0.209302 0
000089 1903   0.234367 0
000090 273563 0.878682 34
000091 292067 0.854653 37
000092 39235  0.396075 5
000093 88699  0.466713 11
000094 37     0.324324 0
000095 110493 0.508792 14
000096 5895   0.215437 0
000097 202431 0.717766 26
000098 20551  0.371563 2
000099 171    0.210526 0
000100 24541  0.373579 3
000101 58545  0.406371 7
000102 2711   0.195500 0
000103 253    0.197628 0
000104 1141   0.202454 0
000105 39981  0.395763 5
000106 21315  0.392447 3
000107 70503  0.447924 9
000108 228529 0.741363 29
000109 375    0.269333 0
000110 189    0.201058 0
000111 33755  0.368390 4
000112 154233 0.586269 20
000113 381    0.233596 0
000114 661573 1.598623 83
000115 1195   0.202510 0
000116 7197   0.257468 1
000117 87     0.229885 0
000118 1923   0.211128 0
000119 28737  0.387062 4
000120 49     0.265306 0
000121 293    0.197952 0
000122 747571 1.805239 94
000123 111    0.270270 0
000124 3213   0.194833 0
000125 2641   0.186293 0
000126 2997   0.201535 0
000127 355    0.191549 0
000128 47     0.255319 0
000129 97     0.226804 0
000130 387    0.191214 0
000131 25247  0.404801 3
000132 9143   0.316417 1
000133 22729  0.368472 3
000134 604843 1.507738 76
000135 4041   0.192527 0
000136 917319 2.104598 115
000137 29649  0.362508 4
000138 43     0.255814 0
000139 130847 0.551377 16
000140 644191 1.576213 81
000141 18059  0.353840 2
000142 3637   0.187242 0
000143 17025  0.356828 2
000144 9903   0.384227 1
000145 51297  0.427569 7
000146 29911  0.392431 4
000147 485847 1.265316 61
000148 679    0.210604 0
000149 375    0.189333 0
000150 2731   0.191505 0
000151 4575   0.211585 0
000152 279685 0.835583 35
000153 129    0.271318 0
000154 6221   0.227938 0
000155 815    0.193865 0
000156 409    0.210269 0
000157 103    0.223301 0
000158 483885 1.234514 61
000159 39     0.333333 0
000160 25523  0.412099 3
000161 1503   0.190286 0
000162 46923  0.415063 6
000163 594159 1.493028 75
000164 13059  0.384792 1
000165 525163 1.340167 66
000166 73     0.287671 0
000167 669    0.201794 0
000168 115    0.243478 0
000169 484359 1.297897 61
000170 675    0.237037 0
000171 89     0.235955 0
000172 170683 0.674930 21
000173 86927  0.510854 11
000174 314669 0.981409 39
000175 211    0.279621 0
000176 14647  0.402745 2
000177 2171   0.205896 0
000178 984893 2.285215 124
000179 560407 1.389615 71
000180 388367 1.098932 49
000181 65     0.276923 0
000182 5145   0.190865 0
000183 11469  0.442148 1
000184 435451 1.165885 55
000185 6311   0.190461 0
000186 1917   0.186750 0
000187 78441  0.455897 10
000188 51     0.352941 0
000189 499    0.254509 0
000190 187325 0.663643 24
000191 179    0.245810 0
000192 8003   0.314257 1
000193 84771  0.496054 11
000194 18845  0.367525 2
000195 65751  0.437910 8
000196 77     0.233766 0
000197 24795  0.388949 3
000198 211    0.199052 0
000199 7839   0.287664 1
000200 7013   0.239270 1
000201 1637   0.185706 0
000202 33     0.272727 0
000203 37     0.243243 0
000204 959147 2.168270 121
000205 55061  0.390803 6
000206 3491   0.197938 0
000207 33     0.272727 0
000208 415777 1.119884 53
000209 458007 1.185550 58
000210 1367   0.206291 0
000211 90465  0.496159 12
000212 32359  0.391267 4
000213 212417 0.762547 26
000214 13983  0.420439 2
000215 301    0.196013 0
000216 200225 0.693585 26
000217 83     0.277108 0
000218 35     0.285714 0
000219 435    0.239080 0
000220 383    0.208877 0
000221 651    0.199693 0
000222 103    0.223301 0
000223 123    0.414634 0
000224 22943  0.378808 3
000225 52519  0.448809 6
000226 280769 0.840645 35
000227 4887   0.203601 0
000228 305    0.193443 0
000229 734541 1.755563 92
000230 279    0.240143 0
000231 40015  0.397801 5
000232 247303 0.774976 31
000233 4273   0.207348 0
000234 51     0.254902 0
000235 141525 0.575390 18
000236 942301 2.129019 119
000237 31013  0.371522 4
000238 11675  0.432463 1
000239 1285   0.191440 0
000240 71495  0.444367 9
000241 6965   0.252548 1
000242 6135   0.201467 0
000243 65     0.338462 0
000244 1485   0.205387 0
000245 26309  0.403056 3
000246 44771  0.403989 6
000247 41     0.268293 0
000248 14363  0.430133 2
000249 61     0.229508 0
000250 366365 1.003922 47
000251 401    0.259352 0
000252 20707  0.377264 3
000253 605    0.221488 0
000254 2081   0.206631 0
000255 11843  0.391877 1
000256 37983  0.419951 5
000257 102165 0.499985 13
000258 71     0.605634 0
000259 3313   0.228796 0
000260 460551 1.196389 58
000261 73     0.287671 0
000262 309    0.242718 0
000263 22893  0.391561 3
000264 56181  0.413966 7
000265 50943  0.421805 7
000266 20835  0.384449 3
000267 226167 0.737561 28
000268 819    0.271062 0
000269 4069   0.190464 0
000270 42317  0.400170 6
000271 8065   0.328456 1
000272 10187  0.371945 1
000273 117    0.230769 0
000274 636415 1.540174 80
000275 201471 0.694820 26
000276 65     0.307692 0
000277 75     0.240000 0
000278 27987  0.387037 4
000279 203    0.221675 0
000280 77187  0.482465 10
000281 1131   0.230769 0
000282 24481  0.400025 3
000283 1001099 2.233360 126
000284 42647  0.397050 6
000285 35339  0.415773 5
000286 1393   0.185930 0
000287 413    0.200969 0
000288 2817   0.184594 0
000289 58367  0.428753 7
000290 279777 0.890863 35
000291 601319 1.488815 76
000292 25287  0.380709 3
000293 489    0.190184 0
000294 679    0.188513 0
000295 789    0.188847 0
000296 213417 0.725214 26
000297 99     0.262626 0
000298 111    0.207207 0
000299 57215  0.420309 7
000300 217609 0.722043 27
000301 166339 0.617991 21
000302 525    0.220952 0
000303 237    0.223629 0
000304 844035 1.980296 106
000305 4207   0.193012 0
000306 126459 0.555674 16
000307 103915 0.518212 14
000308 4453   0.212216 0
000309 45065  0.415910 6
000310 31243  0.392088 4
000311 27977  0.382743 4
000312 111    0.234234 0
000313 165    0.200000 0
000314 241    0.199170 0
000315 23809  0.407913 3
000316 259    0.196911 0
000317 105    0.219048 0
000318 23601  0.430236 3
000319 94031  0.489477 12
000320 55     0.545455 0
000321 1879   0.189995 0
000322 67     0.238806 0
000323 1285   0.185992 0
000324 2755   0.192740 0
000325 11899  0.386251 1
000326 73873  0.443004 9
000327 447    0.223714 0
000328 839321 1.947166 105
000329 221241 0.739140 28
000330 213495 0.728724 26
000331 277    0.270758 0
000332 11663  0.388322 1
000333 6089   0.186237 0
000334 23965  0.385270 3
000335 53389  0.402087 6
000336 203    0.216749 0
000337 481    0.207900 0
000338 35     0.257143 0
000339 106199 0.503310 13
000340 633919 1.538652 79
000341 45     0.333333 0
000342 17591  0.402365 2
000343 79985  0.470313 10
000344 27277  0.373685 3
000345 540415 1.352505 68
000346 2249   0.223210 0
000347 487    0.190965 0
000348 254491 0.826795 32
000349 91111  0.476715 12
000350 331    0.232628 0
000351 451    0.197339 0
000352 207    0.198068 0
000353 209    0.224880 0
000354 777    0.190476 0
000355 2455   0.190631 0
000356 2309   0.186661 0
000357 3381   0.199349 0
000358 35     0.314286 0
000359 6649   0.187998 0
000360 93     0.215054 0
000361 73     0.232877 0
000362 4781   0.197239 0
000363 498513 1.287487 63
000364 15177  0.389932 2
000365 132901 0.562291 17
000366 1167559 2.562301 147
000367 32277  0.363138 4
000368 97     0.216495 0
000369 22795  0.372406 3
000370 70293  0.443814 9
000371 235    0.263830 0
000372 1009163 2.261957 127
000373 47     0.319149 0
000374 2985   0.237856 0
000375 705    0.202837 0
000376 478421 1.226830 60
000377 209    0.263158 0
000378 5379   0.218256 0
000379 2857   0.188659 0
000380 567495 1.396532 72
000381 3367   0.207603 0
000382 33     0.303030 0
000383 705    0.185816 0
000384 1825   0.185205 0
000385 135    0.207407 0
000386 271    0.195572 0
000387 626867 1.533697 79
000388 623    0.231140 0
000389 915317 2.110402 115
000390 172599 0.639413 22
000391 2845   0.192267 0
000392 289    0.256055 0
000393 59561  0.428485 7
000394 675419 1.616336 85
000395 53153  0.392866 6
000396 385    0.192208 0
000397 4213   0.207690 0
000398 57393  0.405189 7
000399 135    0.244444 0
000400 307    0.221498 0
000401 76621  0.475496 10
000402 3919   0.210513 0
000403 144125 0.605051 18
000404 81     0.271605 0
000405 439731 1.162922 55
000406 731    0.294118 0
000407 23209  0.410660 3
000408 26563  0.366148 3
000409 705689 1.673335 89
000410 14937  0.407110 2
000411 53     0.245283 0
000412 9725   0.367506 1
000413 22097  0.402136 3
000414 40597  0.401581 5
000415 441605 1.179688 56
000416 527    0.250474 0
000417 99     0.212121 0
000418 183    0.295082 0
000419 6855   0.210066 0
000420 37     0.270270 0
000421 117973 0.527426 15
000422 49     0.632653 0
000423 149    0.234899 0
000424 1933   0.212106 0
000425 231265 0.783863 29
000426 51     0.294118 0
000427 20059  0.349868 2
000428 2207   0.221115 0
000429 10545  0.372309 1
000430 374219 1.040137 47
000431 692709 1.635714 87
000432 61     0.295082 0
000433 2525   0.190495 0
000434 93     0.215054 0
000435 300831 0.891786 38
000436 17495  0.347757 2
000437 4101   0.199464 0
000438 387    0.206718 0
000439 198003 0.685808 25
000440 4389   0.192755 0
000441 197819 0.702769 25
000442 1941   0.240082 0
000443 50785  0.425066 7
000444 55     0.472727 0
000445 14573  0.386880 2
000446 1146851 2.553130 145
000447 337    0.350148 0
000448 445    0.211236 0
000449 77     0.246753 0
000450 185    0.205405 0
000451 1535   0.214332 0
000452 31769  0.376436 4
000453 23173  0.406335 3
000454 97957  0.505936 13
000455 703621 1.699139 88
000456 10151  0.352478 1
000457 2919   0.220624 0
000458 1007   0.188679 0
000459 6777   0.186808 0
000460 107    0.280374 0
000461 57     0.245614 0
000462 515439 1.330443 65
000463 249    0.228916 0
000464 49     0.265306 0
000465 633    0.229068 0
000466 4731   0.193617 0
000467 25421  0.387475 3
000468 974115 2.206909 123
000469 39     0.358974 0
000470 6297   0.190885 0
000471 1439   0.209173 0
000472 75     0.240000 0
000473 733851 1.740485 93
000474 5171   0.192032 0
000475 227    0.202643 0
000476 5689   0.196168 0
000477 3721   0.187584 0
000478 4111   0.198249 0
000479 1545   0.214239 0
000480 183311 0.664843 23
000481 9433   0.347821 1
000482 141681 0.582541 18
000483 102861 0.497477 13
000484 65     0.323077 0
000485 111    0.225225 0
000486 4577   0.200568 0
000487 199    0.221106 0
000488 285    0.196491 0
000489 137    0.204380 0
000490 12463  0.414106 1
000491 487    0.256674 0
000492 623    0.191011 0
000493 121745 0.542700 15
000494 379743 1.040362 48
000495 41057  0.391431 5
000496 8543   0.306918 1
000497 970309 2.167044 122
000498 108319 0.516668 13
000499 3281   0.204206 0
000500 59     0.237288 0
000501 5459   0.195274 0
000502 99     0.232323 0
000503 53     0.264151 0
000504 33     0.272727 0
000505 367491 1.024101 46
000506 153927 0.598427 20
000507 56135  0.413574 7
000508 431    0.236659 0
000509 1003501 2.250825 126
000510 375687 1.035593 47
000511 401    0.269327 0
000512 97     0.226804 0
000513 12951  0.420740 1
000514 1331   0.216379 0
000515 81765  0.485819 10
000516 305891 0.895139 39
000517 1629   0.222222 0
000518 716217 1.715280 90
000519 210259 0.715513 26
000520 187    0.240642 0
000521 20703  0.359368 3
000522 2411   0.206968 0
000523 467    0.190578 0
000524 129    0.232558 0
000525 279    0.197133 0
000526 583    0.190395 0
000527 22271  0.369629 3
000528 375    0.210667 0
000529 893    0.191489 0
000530 140749 0.576381 18
000531 882877 2.015072 111
000532 189    0.243386 0
000533 269    0.208178 0
000534 67     0.268657 0
000535 1583   0.206570 0
000536 27689  0.405215 4
000537 1355   0.200000 0
000538 30533  0.393574 4
000539 2989   0.195383 0
000540 9001   0.322964 1
000541 23187  0.402036 3
000542 469    0.196162 0
000543 2299   0.202262 0
000544 107    0.214953 0
000545 289    0.200692 0
000546 69     0.231884 0
000547 538749 1.348021 68
000548 571013 1.463963 72
000549 36861  0.431269 5
000550 16701  0.394707 2
000551 203579 0.725035 26
000552 111    0.261261 0
000553 65099  0.447780 8
000554 542645 1.356025 68
000555 1403   0.198147 0
000556 31267  0.406819 4
000557 749613 1.786841 94
000558 175185 0.638942 22
000559 436649 1.162439 55
000560 53     0.301887 0
000561 10047  0.351647 1
000562 63083  0.436584 8
000563 4419   0.190767 0
000564 13409  0.380864 1
000565 5483   0.203356 0
000566 10243  0.338182 1
000567 1895   0.214776 0
000568 186793 0.655870 24
000569 261973 0.805907 33
000570 296415 0.893703 37
000571 60945  0.405710 7
000572 711    0.205345 0
000573 57     0.245614 0
000574 5017   0.188160 0
000575 1225   0.236735 0
000576 297    0.198653 0
000577 5115   0.204106 0
000578 69     0.231884 0
000579 2263   0.189129 0
000580 186361 0.653914 24
000581 347    0.221902 0
000582 18563  0.367505 2
000583 6043   0.193281 0
000584 633125 1.518436 79
000585 107    0.280374 0
000586 65141  0.443453 8
000587 57     0.245614 0
000588 585675 1.427761 73
000589 15139  0.383447 2
000590 1407   0.184790 0
000591 75     0.226667 0
000592 1597   0.190357 0
000593 747    0.188755 0
000594 3791   0.206014 0
000595 585    0.188034 0
000596 165861 0.628870 21
000597 151    0.258278 0
000598 3891   0.192496 0
000599 42345  0.390766 6
000600 57     0.245614 0
000601 273    0.208791 0
000602 563899 1.379167 71
000603 16723  0.360043 2
000604 1180279 2.616386 149
000605 807    0.289963 0
000606 339309 0.949155 43
000607 32607  0.379274 4
000608 201    0.298507 0
000609 67     0.238806 0
000610 13859  0.404430 2
000611 770377 1.797903 97
000612 5269   0.194724 0
000613 152441 0.627069 20
000614 47     0.319149 0
000615 57     0.245614 0
000616 247129 0.783081 31
000617 751    0.246338 0
000618 127    0.204724 0
000619 3285   0.189041 0
000620 7675   0.258632 1
000621 1473   0.186694 0
000622 1865   0.186059 0
000623 153    0.202614 0
000624 30993  0.358242 4
000625 354171 0.983372 45
000626 6685   0.189230 0
000627 2151   0.215714 0
000628 876071 1.989565 110
000629 3153   0.195369 0
000630 66577  0.430990 8
000631 157    0.216561 0
000632 320823 0.922892 40
000633 17677  0.349946 2
000634 6197   0.187026 0
000635 3709   0.217579 0
000636 178651 0.656800 22
000637 10201  0.379375 1
000638 73     0.232877 0
000639 231    0.194805 0
000640 137229 0.588491 17
000641 95     0.273684 0
000642 39     0.256410 0
000643 8797   0.336024 1
000644 3329   0.187444 0
000645 350971 0.977463 44
000646 150643 0.604250 19
000647 347761 0.974422 44
000648 149637 0.605512 19
000649 191    0.261780 0
000650 241    0.224066 0
000651 39883  0.394404 5
000652 145    0.206897 0
000653 1014217 2.266616 128
000654 978631 2.218480 123
000655 81     0.283951 0
000656 3609   0.194791 0
000657 109201 0.537816 13
000658 7031   0.272934 1
000659 876139 2.024439 111
000660 24037  0.375879 3
000661 45     0.266667 0
000662 495    0.218182 0
000663 1103   0.188577 0
000664 2991   0.201605 0
000665 7625   0.267541 1
000666 24747  0.394270 3
000667 6699   0.221227 0
000668 595    0.203361 0
000669 50999  0.461186 7
000670 37     0.297297 0
000671 219    0.228311 0
000672 41     0.268293 0
000673 3123   0.197246 0
000674 537    0.199255 0
000675 791299 1.843342 99
000676 6505   0.198002 0
000677 61027  0.426106 7
000678 185999 0.656928 23
000679 168729 0.608597 21
000680 557751 1.430864 70
000681 30079  0.382493 4
000682 67     0.238806 0
000683 13399  0.379207 1
000684 243    0.209877 0
000685 239545 0.794469 30
000686 6037   0.207388 0
000687 1119   0.186774 0
000688 17209  0.355570 2
000689 634191 1.532750 79
000690 3751   0.194615 0
000691 905    0.186740 0
000692 137    0.204380 0
000693 4345   0.185501 0
000694 458295 1.222335 58
000695 51359  0.410444 7
000696 127    0.212598 0
000697 37     0.648649 0
000698 115    0.208696 0
000699 16417  0.399586 2
000700 1385   0.215884 0
000701 153    0.202614 0
000702 19811  0.382666 2
000703 113433 0.540372 14
000704 49     0.326531 0
000705 12587  0.440931 1
000706 101    0.247525 0
000707 6949   0.261476 1
000708 559    0.203936 0
000709 1048113 2.399123 132
000710 443691 1.224553 56
000711 83     0.277108 0
000712 173369 0.669710 22
000713 9819   0.373256 1
000714 1237   0.205335 0
000715 1223   0.201145 0
000716 41     0.292683 0
000717 75587  0.511808 9
000718 982411 2.233473 124
000719 781    0.227913 0
000720 432201 1.171321 54
000721 239387 0.770171 30
000722 757    0.236460 0
000723 802421 1.877967 101
000724 969    0.204334 0
000725 21095  0.409813 3
000726 150787 0.599316 19
000727 3247   0.194949 0
000728 7311   0.249897 1
000729 71     0.225352 0
000730 531141 1.370792 66
000731 1927   0.218993 0
000732 1171   0.268147 0
000733 475    0.189474 0
000734 35331  0.412159 5
000735 2423   0.191911 0
000736 4483   0.223734 0
000737 1375   0.185455 0
000738 56743  0.463670 7
000739 2675   0.203364 0
000740 919    0.194777 0
000741 45     0.244444 0
000742 1949   0.207799 0
000743 305685 0.929378 39
000744 193    0.269430 0
000745 5823   0.236648 0
000746 1048635 2.367169 132
000747 501471 1.293249 63
000748 16963  0.356835 2
000749 319    0.194357 0
000750 317    0.205047 0
000751 41     0.268293 0
000752 79863  0.452825 10
000753 41137  0.400661 5
000754 62213  0.439008 8
000755 10379  0.377878 1
000756 63     0.238095 0
000757 6019   0.201695 0
000758 115    0.217391 0
000759 59     0.254237 0
000760 905    0.188950 0
000761 1367   0.185808 0
000762 8911   0.313769 1
000763 531    0.195857 0
000764 23047  0.400833 3
000765 26511  0.370714 3
000766 89103  0.470388 11
000767 44769  0.422770 6
000768 79     0.227848 0
000769 81     0.222222 0
000770 4395   0.248464 0
000771 5271   0.197496 0
000772 55     0.254545 0
000773 551    0.308530 0
000774 1573   0.197076 0
000775 52953  0.407663 6
000776 1047253 2.291969 132
000777 30517  0.408428 4
000778 259451 0.810727 33
000779 2221   0.219721 0
000780 6039   0.206657 0
000781 2203   0.192011 0
000782 3009   0.190429 0
000783 8105   0.280321 1
000784 9137   0.365984 1
000785 326111 0.933400 41
000786 6061   0.205577 0
000787 55     0.236364 0
000788 249503 0.789457 32
000789 682349 1.640490 85
000790 495    0.240404 0
000791 469    0.200426 0
000792 1383   0.202458 0
000793 57     0.578947 0
000794 18441  0.415541 2
000795 14259  0.428361 2
000796 819677 1.882488 103
000797 63     0.269841 0
000798 74865  0.471662 9
000799 10815  0.400647 1
000800 29539  0.364467 4
000801 14013  0.430101 2
000802 195    0.200000 0
000803 59     0.237288 0
000804 47089  0.420353 6
000805 795715 1.851918 100
000806 116075 0.515848 14
000807 3599   0.228675 0
000808 57639  0.413869 7
000809 16937  0.385074 2
000810 4385   0.191106 0
000811 1697   0.192693 0
000812 31399  0.387210 4
000813 143    0.216783 0
000814 357    0.196078 0
000815 8391   0.314146 1
000816 129    0.372093 0
000817 11389  0.382211 1
000818 66085  0.441053 8
000819 149305 0.613985 19
000820 4945   0.198584 0
000821 31091  0.390788 4
000822 57     0.245614 0
000823 90049  0.508046 12
000824 4981   0.220638 0
000825 95     0.221053 0
000826 7153   0.249406 1
000827 231411 0.752155 29
000828 712455 1.663033 90
000829 455793 1.203908 58
000830 9219   0.316086 1
000831 205    0.214634 0
000832 665    0.203008 0
000833 26039  0.373555 3
000834 341    0.190616 0
000835 470683 1.216209 60
000836 2091   0.193687 0
000837 18455  0.360444 2
000838 3645   0.189575 0
000839 180335 0.650190 23
000840 3039   0.194801 0
000841 687    0.216885 0
000842 40135  0.386944 5
000843 63     0.253968 0
000844 609    0.229885 0
000845 184049 0.695505 23
000846 105    0.257143 0
000847 1015   0.267980 0
000848 5153   0.231710 0
000849 1183439 2.603079 149
000850 29069  0.364890 4
000851 941239 2.117444 119
000852 499451 1.624560 63
000853 699    0.246066 0
000854 905    0.187845 0
000855 63181  0.418148 8
000856 27493  0.382861 3
000857 2067   0.187712 0
000858 456147 1.459354 58
000859 126375 0.763466 16
000860 4535   0.271665 0
000861 1087709 2.669381 137
000862 1333   0.268567 0
000863 941    0.229543 0
000864 12061  0.455601 1
000865 1073327 2.654485 135
000866 825    0.219394 0
000867 315955 1.021816 39
000868 12277  0.443186 1
000869 4485   0.200892 0
000870 137    0.262774 0
000871 3295   0.226404 0
000872 987    0.200608 0
000873 497    0.203219 0
000874 779    0.195122 0
000875 102953 0.518538 13
000876 79     0.303797 0
000877 157    0.229299 0
000878 23097  0.403732 3
000879 2175   0.190805 0
000880 579433 1.549941 72
000881 83     0.277108 0
000882 167    0.227545 0
000883 93789  0.517790 12
000884 541    0.214418 0
000885 14967  0.421327 2
000886 65501  0.492252 8
000887 1041   0.219981 0
000888 2701   0.229915 0
000889 109    0.229358 0
000890 29555  0.434038 4
000891 282399 0.962978 35
000892 571    0.257443 0
000893 10643  0.394626 1
000894 3051   0.213373 0
000895 95     0.315789 0
000896 63     0.269841 0
000897 22061  0.402112 3
000898 404657 1.210264 51
000899 16359  0.438413 2
000900 188039 0.781317 24
000901 877    0.231471 0
000902 708401 1.866758 89
000903 2341   0.224690 0
000904 112267 0.560254 14
000905 593905 1.585792 75
000906 355    0.239437 0
000907 374543 1.104567 47
000908 53     0.320755 0
000909 19739  0.375095 2
000910 69     0.246377 0
000911 134373 0.629821 17
000912 37507  0.436932 5
000913 8617   0.320297 1
000914 187957 0.713381 24
000915 459    0.248366 0
000916 539    0.198516 0
000917 11535  0.403641 1
000918 51     0.235294 0
000919 186255 0.703165 24
000920 35671  0.423481 5
000921 18167  0.386250 2
000922 7453   0.296257 1
000923 289    0.200692 0
000924 2579   0.194649 0
000925 2133   0.226910 0
000926 23211  0.414933 3
000927 3109   0.206176 0
000928 824469 2.205822 104
000929 4517   0.197698 0
000930 629509 1.658833 79
000931 32309  0.374942 4
000932 373761 1.075963 47
000933 13627  0.386145 1
000934 33     0.272727 0
000935 79885  0.452889 10
000936 10835  0.365667 1
000937 111    0.234234 0
000938 13841  0.380970 2
000939 227    0.220264 0
000940 239707 1.061542 30
000941 4865   0.274820 0
000942 25799  0.531726 3
000943 71     0.323944 0
000944 91     0.307692 0
000945 153    0.287582 0
000946 40241  0.540568 5
000947 91     0.329670 0
000948 1113   0.283019 0
000949 8945   0.436669 1
000950 131    0.305344 0
000951 1491   0.264923 0
000952 4099   0.271042 0
000953 1091885 2.508279 138
000954 227747 0.797710 29
000955 13625  0.433321 1
000956 65     0.261538 0
000957 1555   0.205145 0
000958 53     0.264151 0
000959 43     0.279070 0
000960 3127   0.202111 0
000961 73909  0.498343 9
000962 997585 2.300392 125
000963 35     0.342857 0
000964 28819  0.390645 4
000965 5461   0.229811 0
000966 60893  0.467049 7
000967 1375   0.201455 0
000968 144813 0.622582 18
000969 20925  0.385711 3
000970 251    0.195219 0
000971 410659 1.105443 52
000972 161    0.248447 0
000973 81     0.222222 0
000974 329    0.215805 0
000975 7803   0.281687 1
000976 123    0.211382 0
000977 16891  0.359600 2
000978 135477 0.572127 17
000979 173    0.254335 0
000980 5539   0.223145 0
000981 131    0.206107 0
000982 2661   0.264562 0
000983 287859 0.897182 36
000984 43463  0.397580 6
000985 2859   0.211263 0
000986 79161  0.484279 10
000987 3533   0.204642 0
000988 650791 1.594146 82
000989 25435  0.385021 3
000990 25925  0.393134 3
000991 111    0.360360 0
000992 121    0.231405 0
000993 18129  0.349826 2
000994 53     0.245283 0
000995 1189   0.188394 0
000996 1045199 2.361337 132
000997 75     0.280000 0
000998 2453   0.200571 0
000999 71     0.211268 0
