000000 463391 5.176695
000001 127    0.669291
000002 61837  1.567476
000003 45     0.777778
000004 173    0.647399
000005 415677 4.633547
000006 1183   0.651733
000007 2279   0.704695
000008 891    0.621773
000009 17789  1.224240
000010 382135 4.405145
000011 22071  1.176612
000012 263773 3.533182
000013 10945  1.076565
000014 442043 4.774099
000015 197197 2.886829
000016 3641   1.322714
000017 642775 5.949959
000018 173197 2.626339
000019 6293   0.975211
000020 36131  1.502699
000021 502381 5.064270
000022 4293   1.139995
000023 35     0.800000
000024 32693  1.382590
000025 417    0.832134
000026 813    0.742927
000027 407    0.690418
000028 50787  1.613051
000029 1024265 8.412128
000030 1669   0.630917
000031 59695  1.588290
000032 9511   1.218484
000033 947    0.697994
000034 76303  2.012988
000035 41     0.804878
000036 7701   1.202311
000037 502027 4.992574
000038 81     0.703704
000039 287    0.630662
000040 2041   0.728564
000041 455679 4.677321
000042 1093   0.713632
000043 6549   1.580394
000044 272063 3.493588
000045 14847  1.225433
000046 204283 2.905724
000047 605009 5.671688
000048 8857   0.972903
000049 21711  1.432914
000050 153183 2.499259
000051 80809  1.804391
000052 2341   0.668945
000053 125    0.944000
000054 213    0.633803
000055 471405 4.770876
000056 971761 8.201921
000057 2563   0.674600
000058 27815  1.562646
000059 71365  1.740937
000060 1013   0.655479
000061 97513  2.168706
000062 87609  2.017989
000063 39     0.846154
000064 720181 6.389234
000065 642823 5.847572
000066 315211 3.754917
000067 646439 5.846621
000068 1821   0.741900
000069 35969  1.608802
000070 56525  1.627952
000071 3145   0.762798
000072 4723   1.171078
000073 12679  1.129190
000074 14007  1.083887
000075 8409   1.003805
000076 657427 6.048964
000077 129    0.689922
000078 1511   0.619457
000079 71009  1.725584
000080 137    0.678832
000081 699    0.618026
000082 43257  1.408859
000083 219    0.643836
000084 113    0.699115
000085 7699   1.113002
000086 1083833 8.897985
000087 26789  1.196125
000088 129    0.674419
000089 1903   0.631109
000090 273563 3.510157
000091 292067 3.599619
000092 39235  1.327080
000093 88699  1.970834
000094 37     0.837838
000095 110493 2.073308
000096 5895   1.433588
000097 202431 2.928213
000098 20551  1.302029
000099 171    0.672515
000100 24541  1.633674
000101 58545  1.535742
000102 2711   0.711914
000103 253    0.636364
000104 1141   0.631025
000105 39981  1.336710
000106 21315  1.347643
000107 70503  1.648469
000108 228529 3.159918
000109 375    0.656000
000110 189    1.052910
000111 33755  1.432143
000112 154233 2.435730
000113 381    0.679790
000114 661573 6.017610
000115 1195   0.682008
000116 7197   1.229262
000117 87     1.229885
000118 1923   0.785751
000119 28737  1.508821
000120 49     0.734694
000121 293    0.699659
000122 747571 6.706213
000123 111    0.675676
000124 3213   0.736695
000125 2641   1.123817
000126 2997   0.891225
000127 355    0.622535
000128 47     0.680851
000129 97     0.628866
000130 387    0.635659
000131 25247  1.290688
000132 9143   0.982610
000133 22729  1.365832
000134 604843 5.717092
000135 4041   1.111111
000136 917319 7.773159
000137 29649  1.205100
000138 43     0.767442
000139 130847 2.321329
000140 644191 6.028565
000141 18059  1.098234
000142 3637   1.631015
000143 17025  1.749780
000144 9903   1.042310
000145 51297  1.557323
000146 29911  1.320016
000147 485847 4.953259
000148 679    0.695140
000149 375    0.613333
000150 2731   0.727572
000151 4575   1.177923
000152 279685 3.575344
000153 129    0.705426
000154 6221   1.035203
000155 815    0.662577
000156 409    0.623472
000157 103    0.631068
000158 483885 4.986228
000159 39     0.846154
000160 25523  1.385417
000161 1503   0.616766
000162 46923  1.496366
000163 594159 5.704704
000164 13059  1.025959
000165 525163 5.201842
000166 73     0.712329
000167 669    0.614350
000168 115    0.773913
000169 484359 4.971236
000170 675    0.622222
000171 89     0.651685
000172 170683 2.674596
000173 86927  1.935567
000174 314669 3.756964
000175 211    0.644550
000176 14647  1.046221
000177 2171   0.614003
000178 984893 8.250091
000179 560407 5.378550
000180 388367 4.254952
000181 65     0.769231
000182 5145   1.135083
000183 11469  1.023978
000184 435451 4.565437
000185 6311   1.004912
000186 1917   0.606155
000187 78441  1.836909
000188 51     0.901961
000189 499    0.637275
000190 187325 2.812940
000191 179    1.156425
000192 8003   1.354492
000193 84771  1.788654
000194 18845  1.215336
000195 65751  1.724506
000196 77     1.545455
000197 24795  1.654124
000198 211    0.658768
000199 7839   1.112897
000200 7013   1.183089
000201 1637   0.607208
000202 33     0.696970
000203 37     0.756757
000204 959147 7.984753
000205 55061  1.722871
000206 3491   1.450874
000207 33     1.030303
000208 415777 4.380617
000209 458007 4.674887
000210 1367   0.625457
000211 90465  1.946034
000212 32359  1.297784
000213 212417 2.969494
000214 13983  1.527927
000215 301    0.654485
000216 200225 2.837773
000217 83     0.746988
000218 35     0.742857
000219 435    0.641379
000220 383    0.631854
000221 651    0.608295
000222 103    0.660194
000223 123    0.658537
000224 22943  1.314649
000225 52519  1.700965
000226 280769 3.529239
000227 4887   1.670555
000228 305    0.678689
000229 734541 6.501270
000230 279    0.655914
000231 40015  1.608647
000232 247303 3.276240
000233 4273   1.426632
000234 51     1.098039
000235 141525 2.423325
000236 942301 7.909742
000237 31013  1.217360
000238 11675  1.155118
000239 1285   0.792996
000240 71495  1.682299
000241 6965   1.092893
000242 6135   1.116055
000243 65     0.676923
000244 1485   0.656566
000245 26309  1.535140
000246 44771  1.486029
000247 41     0.756098
000248 14363  1.096498
000249 61     0.704918
000250 366365 4.098617
000251 401    0.655860
000252 20707  1.492249
000253 605    0.642975
000254 2081   0.828448
000255 11843  1.199527
000256 37983  1.380749
000257 102165 2.023159
000258 71     0.718310
000259 3313   0.921219
000260 460551 4.725511
000261 73     0.767123
000262 309    0.656958
000263 22893  1.510811
000264 56181  1.670778
000265 50943  1.760458
000266 20835  1.373266
000267 226167 3.003811
000268 819    0.652015
000269 4069   1.268616
000270 42317  1.510268
000271 8065   1.189337
000272 10187  1.263473
000273 117    0.965812
000274 636415 5.837177
000275 201471 2.973604
000276 65     1.338462
000277 75     0.680000
000278 27987  1.467967
000279 203    0.635468
000280 77187  1.837369
000281 1131   0.696729
000282 24481  1.430783
000283 1001099 8.467816
000284 42647  1.392853
000285 35339  1.293613
000286 1393   0.621680
000287 413    0.653753
000288 2817   0.748669
000289 58367  1.546764
000290 279777 3.517569
000291 601319 5.668896
000292 25287  1.207182
000293 489    0.660532
000294 679    0.636230
000295 789    0.802281
000296 213417 2.978544
000297 99     0.727273
000298 111    0.864865
000299 57215  1.784515
000300 217609 2.984996
000301 166339 2.568105
000302 525    0.672381
000303 237    0.755274
000304 844035 7.277474
000305 4207   1.155455
000306 126459 2.317716
000307 103915 2.123370
000308 4453   1.128453
000309 45065  1.592833
000310 31243  1.333963
000311 27977  1.267184
000312 111    0.702703
000313 165    0.690909
000314 241    0.634855
000315 23809  1.326137
000316 259    0.640927
000317 105    0.933333
000318 23601  1.427990
000319 94031  1.918261
000320 55     0.745455
000321 1879   0.833954
000322 67     0.671642
000323 1285   0.633463
000324 2755   0.761887
000325 11899  1.193378
000326 73873  1.726409
000327 447    0.738255
000328 839321 7.229389
000329 221241 2.972550
000330 213495 2.955863
000331 277    0.678700
000332 11663  0.973163
000333 6089   1.174249
000334 23965  1.312289
000335 53389  1.486467
000336 203    0.660099
000337 481    0.696466
000338 35     0.714286
000339 106199 2.103937
000340 633919 5.827525
000341 45     0.777778
000342 17591  1.665454
000343 79985  1.750853
000344 27277  1.353778
000345 540415 5.274589
000346 2249   0.614495
000347 487    0.689938
000348 254491 3.302203
000349 91111  1.828967
000350 331    0.791541
000351 451    0.711752
000352 207    0.613527
000353 209    0.655502
000354 777    0.832690
000355 2455   0.674542
000356 2309   0.670420
000357 3381   0.747116
000358 35     1.257143
000359 6649   1.006768
000360 93     0.978495
000361 73     0.630137
000362 4781   1.106463
000363 498513 4.989902
000364 15177  1.025104
000365 132901 2.288944
000366 1167559 9.231895
000367 32277  1.209654
000368 97     0.690722
000369 22795  1.308357
000370 70293  1.633392
000371 235    0.668085
000372 1009163 8.502820
000373 47     0.765957
000374 2985   0.729983
000375 705    1.095035
000376 478421 4.838640
000377 209    0.645933
000378 5379   1.118981
000379 2857   1.041302
000380 567495 5.409272
000381 3367   0.735373
000382 33     1.030303
000383 705    0.683688
000384 1825   0.796164
000385 135    0.637037
000386 271    1.022140
000387 626867 5.774983
000388 623    0.654896
000389 915317 7.722056
000390 172599 2.587448
000391 2845   0.922320
000392 289    0.723183
000393 59561  1.639210
000394 675419 6.156898
000395 53153  1.469042
000396 385    0.638961
000397 4213   1.381201
000398 57393  1.655899
000399 135    0.718519
000400 307    0.628664
000401 76621  1.706021
000402 3919   1.245726
000403 144125 2.331296
000404 81     0.740741
000405 439731 4.557811
000406 731    0.823529
000407 23209  1.544487
000408 26563  1.656628
000409 705689 6.335724
000410 14937  1.061190
000411 53     0.698113
000412 9725   1.186735
000413 22097  1.225868
000414 40597  1.394339
000415 441605 4.614622
000416 527    0.628083
000417 99     0.626263
000418 183    0.765027
000419 6855   1.984829
000420 37     0.702703
000421 117973 2.134912
000422 49     0.714286
000423 149    0.697987
000424 1933   0.785825
000425 231265 3.140869
000426 51     1.137255
000427 20059  1.478638
000428 2207   0.861350
000429 10545  1.198293
000430 374219 4.146265
000431 692709 6.277064
000432 61     0.704918
000433 2525   0.695050
000434 93     0.709677
000435 300831 3.638900
000436 17495  1.295170
000437 4101   1.547915
000438 387    0.870801
000439 198003 2.868396
000440 4389   1.545910
000441 197819 2.844135
000442 1941   0.650696
000443 50785  1.601260
000444 55     0.727273
000445 14573  1.152405
000446 1146851 9.116474
000447 337    0.640950
000448 445    0.606742
000449 77     0.675325
000450 185    0.643243
000451 1535   0.753094
000452 31769  1.304574
000453 23173  1.297631
000454 97957  2.056964
000455 703621 6.322435
000456 10151  0.989164
000457 2919   0.714628
000458 1007   0.674280
000459 6777   1.778073
000460 107    1.121495
000461 57     0.684211
000462 515439 5.083331
000463 249    0.650602
000464 49     0.693878
000465 633    0.807267
000466 4731   1.125343
000467 25421  1.443767
000468 974115 8.107668
000469 39     0.794872
000470 6297   1.050183
000471 1439   0.678944
000472 75     1.386667
000473 733851 6.521729
000474 5171   1.120866
000475 227    0.696035
000476 5689   1.421867
000477 3721   1.671862
000478 4111   1.595962
000479 1545   0.606472
000480 183311 2.735722
000481 9433   1.241599
000482 141681 2.395861
000483 102861 1.972895
000484 65     0.846154
000485 111    0.666667
000486 4577   1.252130
000487 199    0.653266
000488 285    0.614035
000489 137    0.627737
000490 12463  1.049507
000491 487    0.772074
000492 623    0.658106
000493 121745 2.234671
000494 379743 4.185115
000495 41057  1.441216
000496 8543   1.168442
000497 970309 8.031631
000498 108319 2.063295
000499 3281   0.859799
000500 59     0.796610
000501 5459   1.239788
000502 99     0.646465
000503 53     0.660377
000504 33     0.757576
000505 367491 4.110607
000506 153927 2.464220
000507 56135  1.587566
000508 431    0.953596
000509 1003501 8.240158
000510 375687 4.141306
000511 401    0.897756
000512 97     0.649485
000513 12951  1.211644
000514 1331   0.700977
000515 81765  1.866312
000516 305891 3.671942
000517 1629   0.649478
000518 716217 6.406634
000519 210259 2.970104
000520 187    0.689840
000521 20703  1.460175
000522 2411   0.664455
000523 467    0.605996
000524 129    0.674419
000525 279    0.616487
000526 583    0.617496
000527 22271  1.301423
000528 375    0.653333
000529 893    0.646137
000530 140749 2.386106
000531 882877 7.488177
000532 189    0.650794
000533 269    0.631970
000534 67     0.791045
000535 1583   0.627922
000536 27689  1.365560
000537 1355   0.616974
000538 30533  1.332525
000539 2989   0.733356
000540 9001   1.143206
000541 23187  1.468668
000542 469    0.690832
000543 2299   0.619400
000544 107    0.682243
000545 289    0.629758
000546 69     0.840580
000547 538749 5.255832
000548 571013 5.434493
000549 36861  1.557500
000550 16701  1.400216
000551 203579 2.870664
000552 111    0.747748
000553 65099  1.733990
000554 542645 5.237183
000555 1403   0.642908
000556 31267  1.537532
000557 749613 6.611809
000558 175185 2.629860
000559 436649 4.611574
000560 53     0.735849
000561 10047  1.041107
000562 63083  1.600812
000563 4419   1.893189
000564 13409  1.480498
000565 5483   1.046143
000566 10243  1.299815
000567 1895   0.640106
000568 186793 2.733443
000569 261973 3.339256
000570 296415 3.598026
000571 60945  1.546985
000572 711    0.625879
000573 57     0.684211
000574 5017   1.629858
000575 1225   0.623673
000576 297    0.632997
000577 5115   1.080743
000578 69     0.855072
000579 2263   0.619090
000580 186361 2.768562
000581 347    0.867435
000582 18563  1.412487
000583 6043   1.236141
000584 633125 5.849843
000585 107    0.682243
000586 65141  1.745521
000587 57     0.754386
000588 585675 5.552340
000589 15139  1.003765
000590 1407   0.613362
000591 75     0.746667
000592 1597   0.618660
000593 747    0.702811
000594 3791   1.138222
000595 585    0.664957
000596 165861 2.600750
000597 151    0.675497
000598 3891   1.817271
000599 42345  1.615917
000600 57     0.719298
000601 273    1.000000
000602 563899 5.662479
000603 16723  1.218980
000604 1180279 9.373770
000605 807    0.630731
000606 339309 3.888562
000607 32607  1.321342
000608 201    0.661692
000609 67     1.029851
000610 13859  1.510426
000611 770377 7.021410
000612 5269   1.189979
000613 152441 2.476493
000614 47     1.553191
000615 57     1.140351
000616 247129 3.217583
000617 751    0.629827
000618 127    0.622047
000619 3285   1.093455
000620 7675   1.675570
000621 1473   0.672098
000622 1865   0.647721
000623 153    1.183007
000624 30993  1.302520
000625 354171 4.023658
000626 6685   1.352730
000627 2151   0.616922
000628 876071 7.453115
000629 3153   0.742467
000630 66577  1.823047
000631 157    0.675159
000632 320823 3.700168
000633 17677  1.549980
000634 6197   1.012909
000635 3709   1.117013
000636 178651 2.666752
000637 10201  1.108911
000638 73     1.082192
000639 231    0.844156
000640 137229 2.385254
000641 95     1.557895
000642 39     0.692308
000643 8797   1.412300
000644 3329   0.919796
000645 350971 3.973052
000646 150643 2.531508
000647 347761 3.940916
000648 149637 2.519591
000649 191    0.706806
000650 241    1.165975
000651 39883  1.699722
000652 145    0.937931
000653 1014217 10.647346
000654 978631 7.745430
000655 81     0.716049
000656 3609   1.066778
000657 109201 1.943123
000658 7031   0.972835
000659 876139 7.138212
000660 24037  1.204393
000661 45     0.711111
000662 495    0.622222
000663 1103   0.623753
000664 2991   0.726179
000665 7625   0.968525
000666 24747  1.187659
000667 6699   0.971787
000668 595    0.603361
000669 50999  1.418322
000670 37     0.783784
000671 219    0.621005
000672 41     0.682927
000673 3123   0.740954
000674 537    0.607076
000675 791299 6.856024
000676 6505   0.961568
000677 61027  1.507300
000678 185999 2.589519
000679 168729 2.483604
000680 557751 5.091299
000681 30079  1.274377
000682 67     0.686567
000683 13399  0.992462
000684 243    0.625514
000685 239545 2.963310
000686 6037   0.987080
000687 1119   0.611260
000688 17209  1.088152
000689 634191 5.558176
000690 3751   1.159957
000691 905    0.618785
000692 137    0.642336
000693 4345   1.150518
000694 458295 4.494330
000695 51359  1.431356
000696 127    0.653543
000697 37     0.702703
000698 115    0.626087
000699 16417  1.088323
000700 1385   0.614440
000701 153    0.620915
000702 19811  1.154561
000703 113433 2.009354
000704 49     0.816327
000705 12587  1.003496
000706 101    0.653465
000707 6949   0.965750
000708 559    0.602862
000709 1048113 8.170010
000710 443691 4.393328
000711 83     0.662651
000712 173369 2.478782
000713 9819   0.954272
000714 1237   0.607114
000715 1223   0.605070
000716 41     0.682927
000717 75587  1.637993
000718 982411 7.747106
000719 781    0.626120
000720 432201 4.289796
000721 239387 2.968971
000722 757    0.627477
000723 802421 6.833853
000724 969    0.615067
000725 21095  1.184925
000726 150787 2.638908
000727 3247   0.961811
000728 7311   0.988100
000729 71     0.704225
000730 531141 5.240286
000731 1927   0.674624
000732 1171   0.770282
000733 475    0.661053
000734 35331  1.429453
000735 2423   0.693355
000736 4483   1.169975
000737 1375   0.620364
000738 56743  1.612587
000739 2675   0.790654
000740 919    0.616975
000741 45     1.266667
000742 1949   0.631093
000743 305685 4.029815
000744 193    0.663212
000745 5823   1.290228
000746 1048635 8.761931
000747 501471 5.134076
000748 16963  1.127454
000749 319    0.633229
000750 317    0.637224
000751 41     0.780488
000752 79863  1.808497
000753 41137  1.544765
000754 62213  1.612428
000755 10379  1.180268
000756 63     0.809524
000757 6019   1.026582
000758 115    0.634783
000759 59     0.711864
000760 905    0.679558
000761 1367   0.673738
000762 8911   1.074402
000763 531    0.662900
000764 23047  1.650280
000765 26511  1.312663
000766 89103  1.996745
000767 44769  1.612701
000768 79     0.962025
000769 81     0.740741
000770 4395   1.436860
000771 5271   1.069437
000772 55     0.672727
000773 551    0.602541
000774 1573   0.828989
000775 52953  1.517025
000776 1047253 8.623317
000777 30517  1.319003
000778 259451 3.359613
000779 2221   0.638901
000780 6039   1.234641
000781 2203   0.714026
000782 3009   0.728149
000783 8105   1.711043
000784 9137   1.061618
000785 326111 3.967229
000786 6061   1.048342
000787 55     0.763636
000788 249503 3.292389
000789 682349 6.291094
000790 495    0.727273
000791 469    0.601279
000792 1383   0.676067
000793 57     0.701754
000794 18441  1.267393
000795 14259  1.064451
000796 819677 7.119024
000797 63     0.714286
000798 74865  1.782996
000799 10815  1.061489
000800 29539  1.281729
000801 14013  1.051095
000802 195    0.641026
000803 59     0.661017
000804 47089  1.706811
000805 795715 6.854778
000806 116075 2.100177
000807 3599   1.107252
000808 57639  1.727459
000809 16937  1.255417
000810 4385   1.269555
000811 1697   0.615793
000812 31399  1.232714
000813 143    0.664336
000814 357    0.647059
000815 8391   1.169229
000816 129    0.798450
000817 11389  1.051629
000818 66085  1.660301
000819 149305 2.429343
000820 4945   1.513650
000821 31091  1.495674
000822 57     0.771930
000823 90049  1.983798
000824 4981   1.159406
000825 95     0.663158
000826 7153   1.105830
000827 231411 3.017488
000828 712455 6.381423
000829 455793 4.704182
000830 9219   0.985899
000831 205    0.619512
000832 665    0.708271
000833 26039  1.430931
000834 341    0.841642
000835 470683 4.959705
000836 2091   0.857484
000837 18455  1.307884
000838 3645   1.419479
000839 180335 2.659977
000840 3039   1.096742
000841 687    0.649199
000842 40135  1.591803
000843 63     1.142857
000844 609    0.620690
000845 184049 2.724188
000846 105    0.695238
000847 1015   0.724138
000848 5153   1.100718
000849 1183439 9.316918
000850 29069  1.208986
000851 941239 7.815126
000852 499451 5.066587
000853 699    0.669528
000854 905    0.622099
000855 63181  1.716750
000856 27493  1.389408
000857 2067   0.688921
000858 456147 4.707283
000859 126375 2.361409
000860 4535   1.564939
000861 1087709 8.739102
000862 1333   0.641410
000863 941    0.606801
000864 12061  1.557168
000865 1073327 8.775884
000866 825    0.647273
000867 315955 3.745049
000868 12277  1.322391
000869 4485   1.434114
000870 137    0.890511
000871 3295   1.079514
000872 987    0.631206
000873 497    0.708249
000874 779    0.757381
000875 102953 2.078201
000876 79     0.784810
000877 157    0.853503
000878 23097  1.388059
000879 2175   0.628966
000880 579433 5.529563
000881 83     0.710843
000882 167    0.652695
000883 93789  1.965732
000884 541    1.064695
000885 14967  1.270929
000886 65501  1.622250
000887 1041   0.641691
000888 2701   1.506109
000889 109    0.761468
000890 29555  1.614921
000891 282399 3.561734
000892 571    0.651489
000893 10643  1.454759
000894 3051   0.719436
000895 95     0.884211
000896 63     0.714286
000897 22061  1.262817
000898 404657 4.349064
000899 16359  1.584021
000900 188039 2.745048
000901 877    0.644242
000902 708401 6.398054
000903 2341   0.671081
000904 112267 2.192612
000905 593905 5.641621
000906 355    0.647887
000907 374543 4.178217
000908 53     0.754717
000909 19739  1.434014
000910 69     0.681159
000911 134373 2.298021
000912 37507  1.383475
000913 8617   1.199605
000914 187957 2.832627
000915 459    0.642702
000916 539    0.628942
000917 11535  1.425488
000918 51     0.705882
000919 186255 2.774594
000920 35671  1.310196
000921 18167  1.179171
000922 7453   1.167852
000923 289    0.778547
000924 2579   0.739046
000925 2133   0.614158
000926 23211  1.289604
000927 3109   0.822129
000928 824469 7.139345
000929 4517   1.668143
000930 629509 5.846171
000931 32309  1.319725
000932 373761 4.155466
000933 13627  1.045498
000934 33     0.757576
000935 79885  1.818151
000936 10835  1.041071
000937 111    0.828829
000938 13841  1.213713
000939 227    0.700441
000940 239707 3.165673
000941 4865   1.452210
000942 25799  1.528044
000943 71     0.704225
000944 91     0.703297
000945 153    0.875817
000946 40241  1.360230
000947 91     0.725275
000948 1113   0.619946
000949 8945   0.990721
000950 131    0.770992
000951 1491   0.725687
000952 4099   1.120761
000953 1091885 8.771161
000954 227747 3.148524
000955 13625  1.151413
000956 65     1.061538
000957 1555   0.782637
000958 53     0.698113
000959 43     0.674419
000960 3127   1.181004
000961 73909  1.833972
000962 997585 8.222409
000963 35     0.800000
000964 28819  1.495437
000965 5461   1.362388
000966 60893  1.658007
000967 1375   0.652364
000968 144813 2.408686
000969 20925  1.351446
000970 251    0.685259
000971 410659 4.408198
000972 161    0.695652
000973 81     0.654321
000974 329    0.729483
000975 7803   1.172754
000976 123    0.707317
000977 16891  1.281511
000978 135477 2.301852
000979 173    0.757225
000980 5539   1.131612
000981 131    0.809160
000982 2661   1.664788
000983 287859 3.574938
000984 43463  1.579757
000985 2859   1.008395
000986 79161  1.766362
000987 3533   1.400226
000988 650791 5.983339
000989 25435  1.219265
000990 25925  1.784455
000991 111    1.477477
000992 121    0.900826
000993 18129  1.296431
000994 53     0.735849
000995 1189   0.640034
000996 1045199 8.559245
000997 75     0.733333
000998 2453   0.678353
000999 71     0.915493
001000 273149 3.489033
001001 92745  1.899531
001002 54553  1.966876
001003 14125  1.125168
001004 74295  1.853368
001005 36731  1.342681
001006 513    0.629630
001007 327    0.663609
001008 485    0.643299
001009 62245  1.598538
001010 20841  1.366537
001011 421567 4.532081
001012 28431  1.216806
001013 139    0.669065
001014 130657 2.277521
001015 221    0.814480
001016 54487  1.842807
001017 177    0.683616
001018 117    0.726496
001019 197    0.629442
001020 402071 4.339176
001021 443619 4.624912
001022 195    0.676923
001023 12293  1.321728
001024 9011   1.197203
001025 24465  1.318251
001026 30299  1.290505
001027 3597   1.115652
001028 1453   0.699931
001029 633    0.622433
001030 2215   0.779233
001031 557    0.614004
001032 24599  1.343347
001033 1017   0.673550
001034 261    0.632184
001035 5745   1.081810
001036 252851 3.311061
001037 1065   0.646948
001038 14579  1.334248
001039 17047  1.419605
001040 983    0.621567
001041 113899 2.120159
001042 40549  1.410244
001043 92919  1.930972
001044 37801  1.378138
001045 87     0.908046
001046 2851   1.069449
001047 965    0.609326
001048 133    0.661654
001049 1113   0.610961
001050 435073 4.524245
001051 185    0.670270
001052 28087  1.420657
001053 275503 3.516219
001054 19015  1.471733
001055 260875 3.395994
001056 330015 3.882663
001057 1090079 8.758073
001058 2757   0.717084
001059 5923   1.183522
001060 57     1.052632
001061 83     0.698795
001062 3783   1.540048
001063 18983  1.251910
001064 1341   0.643550
001065 269393 3.418920
001066 375817 4.212752
001067 3605   1.490707
001068 361    0.628809
001069 853    1.293083
001070 325    0.695385
001071 16723  1.430724
001072 13015  1.214214
001073 3619   1.124344
001074 196015 2.811520
001075 4791   1.663536
001076 29115  1.355040
001077 161    0.652174
001078 75     1.186667
001079 263833 3.452684
001080 8993   1.016124
001081 591527 5.587167
001082 5109   1.090624
001083 35     0.714286
001084 9833   1.162107
001085 515    1.636893
001086 1599   0.662289
001087 5713   1.514441
001088 41     0.731707
001089 6543   1.017118
001090 5493   1.294921
001091 11857  0.985241
001092 49     0.877551
001093 74877  1.820946
001094 23553  1.412856
001095 73     0.808219
001096 14449  1.129905
001097 47787  1.495135
001098 159455 2.693901
001099 78975  2.008876
001100 231    0.662338
001101 9847   1.160049
001102 11751  1.006382
001103 443    0.638826
001104 393    0.620865
001105 875565 7.499403
001106 11723  0.990276
001107 668123 6.072138
001108 203    0.669951
001109 2583   0.701897
001110 8815   1.009416
001111 13317  1.180746
001112 1361   0.844967
001113 969    0.606811
001114 4817   1.074735
001115 6063   1.593106
001116 461    0.659436
001117 543    0.681400
001118 191    0.612565
001119 983    0.618515
001120 14207  1.210952
001121 1049837 8.530183
001122 8003   1.022367
001123 587    0.604770
001124 95     0.673684
001125 41459  1.448443
001126 1317   0.725133
001127 6463   1.212285
001128 168687 2.678855
001129 19773  1.524756
001130 365351 4.105978
001131 351863 3.983175
001132 74647  1.742133
001133 149    0.704698
001134 744393 6.611583
001135 56501  1.499159
001136 523361 5.163176
001137 13621  1.018574
001138 171459 2.700407
001139 3959   1.945188
001140 39745  1.666373
001141 1061511 8.600244
001142 561    0.638146
001143 57     0.684211
001144 45     1.111111
001145 185    0.659459
001146 11581  1.669890
001147 6607   1.571061
001148 618371 5.760640
001149 71     0.704225
001150 1063   0.618062
001151 9347   1.466032
001152 123    0.756098
001153 3339   0.770291
001154 271    0.627306
001155 227    0.647577
001156 13941  1.137078
001157 3325   0.814436
001158 645    0.920930
001159 126045 2.240359
001160 29737  1.381612
001161 35     0.771429
001162 76085  1.786686
001163 141    0.695035
001164 192977 2.824238
001165 1194469 9.445037
001166 67     0.716418
001167 309    0.614887
001168 200081 2.899181
001169 541    0.635860
001170 17057  1.146802
001171 47     0.957447
001172 148845 2.508368
001173 3567   1.795066
001174 805    0.754037
001175 61135  1.592443
001176 545    0.702752
001177 3175   0.775433
001178 47     0.851064
001179 877    0.696693
001180 103425 2.052260
001181 14585  1.099280
001182 139    0.726619
001183 9507   1.120543
001184 143    0.692308
001185 26989  1.319426
001186 95945  2.137454
001187 370007 4.142424
001188 12875  1.012738
001189 397    0.612091
001190 735    0.820408
001191 101    0.762376
001192 375    0.770667
001193 333    0.636637
001194 897    0.609810
001195 23403  1.454044
001196 156143 2.583081
001197 121    0.768595
001198 859    0.656577
001199 613    0.637847
001200 3573   1.060733
001201 37827  1.528723
001202 97     0.742268
001203 206689 2.986163
001204 53611  1.650948
001205 771    0.667964
001206 107821 2.094592
001207 971219 8.066692
001208 173    0.682081
001209 143189 2.523085
001210 81     0.740741
001211 1054247 8.576506
001212 45     0.777778
001213 36139  1.654224
001214 39285  1.438921
001215 729835 6.489929
001216 163    1.257669
001217 32015  1.614118
001218 365853 4.124350
001219 888457 7.520827
001220 333913 3.908677
001221 80315  1.787462
001222 4707   1.557043
001223 2635   1.334345
001224 27097  1.590213
001225 258573 3.319612
001226 64947  1.704220
001227 139    0.748201
001228 229    0.803493
001229 1671   0.715141
001230 911    0.682766
001231 1341   0.651007
001232 163    0.625767
001233 672839 6.173120
001234 377299 4.244538
001235 135367 2.286458
001236 44851  1.503512
001237 8787   1.134745
001238 67     0.686567
001239 311    0.684887
001240 91057  2.033517
001241 3709   1.333783
001242 71     0.718310
001243 130215 2.367354
001244 11137  1.225824
001245 34963  1.492635
001246 396225 4.317895
001247 939    0.629393
001248 382209 4.221290
001249 509    0.811395
001250 284653 3.565429
001251 567    0.647266
001252 643    0.608087
001253 14675  1.286337
001254 309    0.624595
001255 3223   0.745579
001256 143189 2.430669
001257 47     0.851064
001258 82917  1.871800
001259 165    0.684848
001260 114079 2.178867
001261 990031 8.180178
001262 10241  0.978908
001263 71723  1.766616
001264 32079  1.341407
001265 35753  1.383772
001266 2377   0.680269
001267 115    0.669565
001268 756865 6.960175
001269 1130065 9.053923
001270 2909   0.722241
001271 85     0.658824
001272 1026017 8.379423
001273 35235  1.226366
001274 207495 3.007841
001275 52553  1.585637
001276 85     0.694118
001277 11631  1.519388
001278 65     0.769231
001279 475733 6.277929
001280 102717 3.001733
001281 375945 5.721175
001282 117    0.837607
001283 23389  1.655821
001284 5291   1.161595
001285 197    0.913706
001286 923    0.620802
001287 5757   1.274796
001288 585915 5.627808
001289 15735  1.019511
001290 36987  1.542650
001291 213    0.788732
001292 439    0.970387
001293 22609  1.310673
001294 47557  1.468596
001295 85     0.752941
001296 2055   0.647689
001297 617785 5.850514
001298 255    0.650980
001299 393839 4.373069
001300 177    0.677966
001301 1185   0.610970
001302 273    0.608059
001303 137031 2.306748
001304 37     0.891892
001305 99437  2.165069
001306 51     0.784314
001307 9397   1.253698
001308 505013 5.018013
001309 21059  1.175412
001310 62655  1.689586
001311 157    0.745223
001312 113    0.681416
001313 177329 2.751885
001314 135    0.725926
001315 1575   0.643175
001316 47779  1.649742
001317 36143  1.400769
001318 4445   1.204499
001319 6161   1.292972
001320 390099 4.267124
001321 2145   0.636364
001322 251    0.617530
001323 34573  1.434964
001324 66573  1.692638
001325 717    0.673640
001326 430239 4.518363
001327 111    0.711712
001328 131    0.664122
001329 551    0.624319
001330 217545 3.092468
001331 49     0.755102
001332 164905 2.582893
001333 70615  1.978064
001334 90699  2.051566
001335 280483 3.523935
001336 277    1.014440
001337 1419   0.769556
001338 248789 3.224893
001339 5225   1.273110
001340 172267 2.777543
001341 1047   0.624642
001342 28855  1.328019
001343 46205  1.541565
001344 22723  1.332923
001345 282789 3.577126
001346 59901  1.687150
001347 619311 5.761646
001348 329    0.653495
001349 164411 2.614703
001350 174731 2.764192
001351 6647   1.063939
001352 247    0.623482
001353 635    0.718110
001354 1569   0.615041
001355 136189 2.419197
001356 99     1.111111
001357 89     1.168539
001358 39183  1.523110
001359 275    0.650909
001360 39969  1.422953
001361 360057 4.072569
001362 211833 3.049152
001363 487381 4.942811
001364 313    0.862620
001365 15017  1.168542
001366 127    0.677165
001367 4205   1.125089
001368 113    0.646018
001369 54299  1.614413
001370 75201  1.772609
001371 134217 2.313679
001372 336111 3.968133
001373 345    0.652174
001374 42025  1.580845
001375 4331   1.972985
001376 36597  1.331967
001377 217961 3.076229
001378 4783   1.256115
001379 957677 7.964520
001380 27657  1.224753
001381 239    0.644351
001382 233    0.695279
001383 431    0.728538
001384 825    0.618182
001385 73603  1.932938
001386 3685   1.406242
001387 799    0.620776
001388 155    0.683871
001389 565    0.674336
001390 15563  1.115145
001391 1329   0.653875
001392 5731   1.173443
001393 795    0.622642
001394 339    0.616519
001395 108927 2.114067
001396 420891 4.455690
001397 77159  1.766806
001398 46751  1.575153
001399 617413 5.793487
001400 279069 3.512318
001401 37     0.837838
001402 669    0.705531
001403 91     0.659341
001404 33     1.090909
001405 1593   0.618330
001406 405    0.607407
001407 28853  1.346827
001408 125    0.664000
001409 15573  1.190137
001410 48693  1.612388
001411 431    0.675174
001412 103    0.679612
001413 1127691 9.038856
001414 314241 3.686725
001415 858923 7.318386
001416 26117  1.212658
001417 767    0.653194
001418 122081 2.313530
001419 87     0.770115
001420 16823  1.401593
001421 21413  1.352683
001422 571    0.621716
001423 149    0.691275
001424 35     0.714286
001425 32103  1.314239
001426 7983   1.227358
001427 223    0.690583
001428 341    0.633431
001429 63     0.650794
001430 27441  1.313254
001431 63     0.984127
001432 4189   1.155646
001433 430355 4.512314
001434 93     0.956989
001435 41     0.756098
001436 112837 2.198525
001437 1086889 9.103547
001438 400971 4.306603
001439 11779  1.021564
001440 295    0.691525
001441 2547   1.344327
001442 113093 2.286764
001443 17481  1.386591
001444 723657 6.513535
001445 2221   0.618640
001446 1181   0.610500
001447 626065 5.804239
001448 773    0.628719
001449 6349   1.140967
001450 383    1.292428
001451 1093907 8.893621
001452 205    0.692683
001453 33427  1.390852
001454 152845 2.493997
001455 26641  1.623062
001456 22079  1.529734
001457 1479   1.015551
001458 97895  2.091394
001459 50713  1.570583
001460 185    0.794595
001461 21771  1.356897
001462 41359  1.439421
001463 230165 3.087359
001464 413    0.668281
001465 197    0.634518
001466 12535  1.116953
001467 11191  0.990886
001468 85     0.717647
001469 20417  1.264534
001470 2549   0.810122
001471 42869  1.443047
001472 91     0.714286
001473 33     0.818182
001474 13577  1.210208
001475 37455  1.840155
001476 22171  1.253980
001477 227897 3.058114
001478 2113   0.656413
001479 36051  1.468170
001480 18455  1.455866
001481 12637  1.120203
001482 15671  1.148555
001483 146345 2.507643
001484 11881  1.369582
001485 1121   0.679750
001486 7101   1.209830
001487 69     0.710145
001488 17977  1.380764
001489 262379 3.411416
001490 63901  1.630913
001491 2475   0.781818
001492 61719  1.588052
001493 83327  1.834879
001494 116895 2.229745
001495 797    0.759097
001496 309251 3.667662
001497 229    0.960699
001498 177    0.644068
001499 79     0.873418
001500 265    1.041509
001501 1489   0.803224
001502 963677 8.018708
001503 49437  1.484192
001504 73     0.794521
001505 3719   1.370799
001506 3825   1.485229
001507 16359  1.437313
001508 847    0.618654
001509 61     0.672131
001510 1977   0.805766
001511 1579   0.623179
001512 1931   0.666494
001513 24495  1.394080
001514 105    0.695238
001515 1251   0.649081
001516 3441   0.854693
001517 909331 7.688654
001518 357    0.722689
001519 111    0.630631
001520 11321  1.476725
001521 85     0.682353
001522 9719   0.995884
001523 2075   0.803373
001524 113295 2.223046
001525 908109 7.669238
001526 787    0.630241
001527 32651  1.523169
001528 787    0.621347
001529 249    0.819277
001530 89189  1.874648
001531 49     0.816327
001532 25529  1.431509
001533 2703   0.706622
001534 12079  1.070867
001535 483769 4.954439
001536 204601 2.893466
001537 743    0.676985
001538 1136821 9.120552
001539 782765 6.884641
001540 31925  1.215317
001541 471303 4.842581
001542 939    0.617678
001543 265    0.611321
001544 65     0.830769
001545 91453  1.927558
001546 4267   1.288493
001547 13587  1.172003
001548 213329 2.984001
001549 9705   1.480062
001550 105    1.323810
001551 164257 2.603341
001552 372063 4.140799
001553 158515 2.559852
001554 434663 4.542869
001555 541859 5.250971
001556 15261  1.075945
001557 23063  1.505268
001558 40449  1.387574
001559 416669 4.419335
001560 22133  1.678263
001561 398653 4.334469
001562 64541  1.668304
001563 25123  1.331091
001564 3309   0.849804
001565 8109   1.031570
001566 2801   0.693324
001567 23943  1.316418
001568 1197   0.645781
001569 465    0.640860
001570 5857   1.220420
001571 61     0.704918
001572 305773 3.657632
001573 137    0.700730
001574 905    0.743646
001575 406429 4.356190
001576 425    0.630588
001577 375    0.848000
001578 41     0.951220
001579 10009  1.074633
001580 9281   1.141903
001581 2357   0.655494
001582 12533  1.080986
001583 13133  1.088175
001584 91     0.736264
001585 437    0.615561
001586 1919   0.639917
001587 3737   1.547230
001588 46047  1.555845
001589 822055 7.129881
001590 1145   0.641921
001591 34209  1.353883
001592 13657  1.057406
001593 6481   1.826570
001594 85943  1.901551
001595 14553  1.337662
001596 55     1.181818
001597 1771   0.779785
001598 238097 3.168427
001599 336735 3.957391
001600 105    1.076190
001601 1969   0.780599
001602 243    0.646091
001603 233325 3.130616
001604 2347   0.861525
001605 263    0.631179
001606 2203   0.613709
001607 14819  1.320265
001608 9303   1.355154
001609 2611   0.704711
001610 10015  1.031353
001611 897297 7.614626
001612 5037   1.103832
001613 593501 5.580306
001614 3587   1.104823
001615 163959 2.712361
001616 943    0.646872
001617 7215   1.878309
001618 14135  1.479943
001619 81     0.666667
001620 915    0.707104
001621 33777  1.256536
001622 85543  1.907602
001623 59     0.796610
001624 97443  2.032614
001625 333    0.834835
001626 149    0.832215
001627 95     0.715789
001628 63     0.698413
001629 1081931 8.742576
001630 189    0.687831
001631 331105 3.867471
001632 123    1.154472
001633 1103   0.841342
001634 86085  1.875274
001635 1215   0.699588
001636 5057   1.179751
001637 1039   0.624639
001638 20279  1.679274
001639 483    0.639752
001640 43     0.674419
001641 387117 4.234118
001642 59673  1.579525
001643 11049  1.124898
001644 91     0.659341
001645 337    0.617211
001646 857    0.731622
001647 1019   0.767419
001648 86911  1.876805
001649 30735  1.369416
001650 171105 2.612828
001651 2071   0.725254
001652 62805  1.563825
001653 261    0.643678
001654 116869 2.183607
001655 8215   1.126111
001656 119    0.815126
001657 68931  1.735083
001658 85773  1.796591
001659 20081  1.285544
001660 103653 2.010265
001661 361    0.822715
001662 317691 3.767853
001663 3701   1.251283
001664 571    0.607706
001665 1309   0.692131
001666 211    0.857820
001667 573    0.619546
001668 237357 3.090973
001669 695407 6.281025
001670 2555   0.716634
001671 5673   1.315177
001672 15867  1.236592
001673 925    0.684324
001674 75     0.653333
001675 145    0.751724
001676 366649 4.131821
001677 131285 2.341783
001678 667    0.803598
001679 3127   1.062040
001680 307    0.625407
001681 58287  1.611817
001682 2417   0.742656
001683 495    0.620202
001684 67     0.656716
001685 77603  1.808474
001686 4425   1.199774
001687 4937   1.328134
001688 17553  1.227084
001689 8063   1.140022
001690 153669 2.565306
001691 147175 2.536457
001692 18297  1.309231
001693 51     0.980392
001694 646679 5.933482
001695 2737   0.740957
001696 1151   0.606429
001697 9829   0.979143
001698 97     1.309278
001699 141    0.680851
001700 191    0.654450
001701 929    0.728741
001702 94685  1.969256
001703 385213 4.237814
001704 155209 2.541792
001705 551703 5.330348
001706 2045   0.615159
001707 11289  1.253875
001708 49     0.653061
001709 85251  1.834911
001710 8153   1.179075
001711 30509  1.260972
001712 255    0.639216
001713 105435 2.032304
001714 2901   0.873492
001715 209141 2.956470
001716 135    0.977778
001717 7205   1.118529
001718 35     0.771429
001719 98547  1.993424
001720 1589   0.672121
001721 108977 2.062417
001722 95     0.863158
001723 44275  1.652129
001724 178257 2.766506
001725 290549 3.601454
001726 19765  1.422363
001727 8465   1.465446
001728 48373  1.489054
001729 1147   0.774194
001730 35     0.714286
001731 1297   0.844256
001732 425755 4.528280
001733 279707 3.529143
001734 50559  1.576119
001735 8661   1.226071
001736 17811  1.209870
001737 45371  1.448458
001738 10655  1.057250
001739 67     0.746269
001740 15239  1.098825
001741 15483  1.091778
001742 37277  1.304021
001743 167159 2.542119
001744 107    0.728972
001745 99641  1.884405
001746 1080411 8.724807
001747 8787   1.023558
001748 58769  1.706818
001749 449219 4.618487
001750 118589 2.223124
001751 146251 2.525555
001752 449567 4.682497
001753 1649   0.624015
001754 453475 4.745117
001755 617    0.962723
001756 475935 4.824327
001757 1057533 8.587621
001758 16599  1.117115
001759 20223  1.364486
001760 5995   1.020684
001761 247149 3.270056
001762 463    0.678186
001763 325485 3.873460
001764 658339 6.050899
001765 4599   1.108719
001766 16523  1.543243
001767 1967   1.010168
001768 1311   0.628528
001769 49     1.142857
001770 225    0.728889
001771 51     0.666667
001772 2641   0.822416
001773 5303   1.395248
001774 1086595 8.730250
001775 776653 6.828837
001776 353    0.679887
001777 27653  1.466785
001778 363205 4.090580
001779 59     0.745763
001780 147    0.659864
001781 17539  1.351730
001782 3099   0.761213
001783 2701   1.077009
001784 229    0.689956
001785 3179   0.949041
001786 3663   1.441714
001787 850253 7.328189
001788 3303   0.749924
001789 340699 3.937390
001790 473    0.638478
001791 954073 8.035583
001792 1050059 8.716732
001793 85     0.705882
001794 1757   0.638589
001795 71     0.732394
001796 1817   0.619152
001797 132269 2.263516
001798 14911  1.255918
001799 5923   1.045079
001800 1349   0.685693
001801 2659   0.716811
001802 6539   1.021104
001803 35     1.000000
001804 422585 4.521043
001805 38775  1.370858
001806 83     1.228916
001807 93     0.666667
001808 1595   1.088401
001809 6979   1.321823
001810 251483 3.325406
001811 38591  1.355808
001812 57     1.263158
001813 115    0.669565
001814 1887   0.959724
001815 188377 2.867181
001816 135    0.762963
001817 119035 2.162246
001818 94493  1.936355
001819 265    0.928302
001820 1741   0.676623
001821 4543   1.201629
001822 951    0.720294
001823 510829 5.105074
001824 581749 5.648950
001825 290399 3.630350
001826 185    0.670270
001827 207829 2.911288
001828 111697 2.243811
001829 109    0.697248
001830 282845 3.606032
001831 64821  1.496645
001832 61     0.737705
001833 2189   0.685701
001834 33     0.757576
001835 119    0.689076
001836 265    0.683019
001837 196923 2.889231
001838 81     0.888889
001839 3351   1.026261
001840 55     0.854545
001841 289917 3.645364
001842 7621   1.324236
001843 540237 5.247502
001844 255    0.647059
001845 333    0.768769
001846 335597 3.869591
001847 79679  1.739116
001848 1145743 9.292321
001849 7309   1.137091
001850 8211   1.147120
001851 56965  1.528149
001852 1461   0.618754
001853 336621 4.009417
001854 47813  1.517014
001855 11439  1.057872
001856 2415   0.892340
001857 3921   1.222647
001858 467    0.616702
001859 21209  1.263237
001860 107    0.728972
001861 89819  1.863292
001862 508411 5.149544
001863 31735  1.205420
001864 187    0.668449
001865 4295   1.971362
001866 1137   0.810026
001867 834055 7.325626
001868 279709 3.638843
001869 377    0.631300
001870 6223   1.204403
001871 852307 7.452898
001872 397253 4.303172
001873 678807 6.297345
001874 34503  1.225430
001875 33     0.787879
001876 173    0.710983
001877 33     0.757576
001878 945873 8.155713
001879 691    0.652677
001880 869509 7.504853
001881 33     0.787879
001882 539    0.628942
001883 198831 2.920536
001884 101    1.069307
001885 12217  1.186707
001886 46197  1.588068
001887 3161   0.792787
001888 139253 2.364086
001889 2941   0.931996
001890 1187   0.663016
001891 41     0.926829
001892 858009 7.396499
001893 481543 4.860039
001894 838905 7.442138
001895 860221 7.452081
001896 537    0.662942
001897 299    0.615385
001898 8445   1.106927
001899 72315  1.684588
001900 39261  1.424340
001901 839    0.668653
001902 4755   1.096320
001903 21815  1.286317
001904 6445   1.127851
001905 975    0.611282
001906 26753  1.300938
001907 65265  1.786317
001908 895439 7.593272
001909 219    0.726027
001910 29205  1.611299
001911 3901   1.676750
001912 161969 2.516883
001913 1897   0.662625
001914 77     0.675325
001915 15951  1.070215
001916 861    0.663182
001917 2603   0.696504
001918 3437   0.744254
001919 415    0.768675
001920 13479  1.086282
001921 1001319 8.272687
001922 753141 6.651040
001923 139    0.683453
001924 634783 5.903126
001925 617    0.667747
001926 159    0.691824
001927 12615  1.539199
001928 45603  1.598908
001929 685    0.651095
001930 45     1.155556
001931 2985   0.889112
001932 15743  1.009465
001933 117    0.675214
001934 46629  1.479487
001935 194635 2.853361
001936 660647 6.049052
001937 400347 4.339515
001938 33     1.454545
001939 37     0.756757
001940 644441 5.963077
001941 1857   0.617124
001942 373    0.619303
001943 161    0.714286
001944 2033   0.794393
001945 1361   0.846436
001946 781    0.604353
001947 983    0.608342
001948 937    0.716115
001949 7113   1.480388
001950 27069  1.335107
001951 87587  1.933609
001952 63     0.730159
001953 415    0.626506
001954 185927 2.704621
001955 936075 7.880192
001956 229887 3.099871
001957 135    1.074074
001958 137881 2.463465
001959 14795  1.242244
001960 38897  1.429827
001961 136225 2.348666
001962 8507   1.149994
001963 11507  1.202746
001964 6447   1.402358
001965 665453 6.025536
001966 86077  1.822124
001967 411661 4.399970
001968 7003   1.333000
001969 7659   1.526570
001970 745981 6.715703
001971 787    0.662008
001972 3421   0.746565
001973 335    0.701493
001974 69821  1.805030
001975 567    0.652557
001976 523045 5.369198
001977 7481   0.990509
001978 6781   1.014305
001979 80247  1.853041
001980 581601 5.732605
001981 149751 2.694720
001982 1191   0.667506
001983 35     1.085714
001984 241    0.634855
001985 676759 6.328142
001986 174019 2.729938
001987 33573  1.323385
001988 43123  1.538924
001989 191381 2.970744
001990 213    0.793427
001991 1146601 9.235979
001992 328283 3.833973
001993 1055   0.653081
001994 104631 2.075981
001995 339937 3.884914
001996 76127  1.852838
001997 230771 3.181032
001998 386899 4.277672
001999 373    0.812332
