000000 463391 4.818095
000001 127    0.732283
000002 61837  1.558921
000003 45     0.866667
000004 173    0.751445
000005 415677 4.406967
000006 1183   1.113271
000007 2279   1.006582
000008 891    0.639731
000009 17789  1.574569
000010 382135 4.173399
000011 22071  1.310906
000012 263773 3.460210
000013 10945  1.358611
000014 442043 4.528924
000015 197197 2.722217
000016 3641   1.110409
000017 642775 5.524533
000018 173197 2.575553
000019 6293   1.276657
000020 36131  1.408015
000021 502381 4.742329
000022 4293   1.164454
000023 35     0.771429
000024 32693  1.380724
000025 417    0.671463
000026 813    0.696187
000027 407    0.690418
000028 50787  1.523815
000029 1024265 7.597615
000030 1669   0.663271
000031 59695  1.609515
000032 9511   1.142361
000033 947    0.842661
000034 76303  1.824214
000035 41     0.829268
000036 7701   1.631996
000037 502027 4.660739
000038 81     0.728395
000039 287    0.714286
000040 2041   0.671730
000041 455679 4.337529
000042 1093   0.662397
000043 6549   1.079860
000044 272063 3.276568
000045 14847  1.265239
000046 204283 2.805471
000047 605009 5.181746
000048 8857   1.010952
000049 21711  1.505734
000050 153183 2.528035
000051 80809  1.774357
000052 2341   0.753524
000053 125    0.696000
000054 213    0.676056
000055 471405 4.436835
000056 971761 7.254733
000057 2563   0.722591
000058 27815  1.343160
000059 71365  1.675821
000060 1013   0.692004
000061 97513  2.009250
000062 87609  1.946204
000063 39     1.179487
000064 720181 5.858111
000065 642823 5.366449
000066 315211 3.492032
000067 646439 5.420867
000068 1821   0.644152
000069 35969  1.525202
000070 56525  1.593861
000071 3145   0.849285
000072 4723   1.117722
000073 12679  1.206247
000074 14007  1.166702
000075 8409   1.027946
000076 657427 5.431328
000077 129    0.697674
000078 1511   0.665784
000079 71009  1.745018
000080 137    0.722628
000081 699    0.791130
000082 43257  1.397624
000083 219    0.780822
000084 113    0.725664
000085 7699   1.173659
000086 1083833 7.857695
000087 26789  1.230169
000088 129    0.767442
000089 1903   0.674724
000090 273563 3.251829
000091 292067 3.365536
000092 39235  1.343316
000093 88699  1.849649
000094 37     0.837838
000095 110493 1.982126
000096 5895   1.540628
000097 202431 2.814801
000098 20551  1.467909
000099 171    0.719298
000100 24541  1.415386
000101 58545  1.604766
000102 2711   0.957580
000103 253    0.675889
000104 1141   0.653812
000105 39981  1.394212
000106 21315  1.327985
000107 70503  1.780988
000108 228529 2.870927
000109 375    0.661333
000110 189    0.677249
000111 33755  1.417509
000112 154233 2.459480
000113 381    0.679790
000114 661573 5.475226
000115 1195   0.659414
000116 7197   1.665555
000117 87     0.689655
000118 1923   0.659386
000119 28737  1.449455
000120 49     0.775510
000121 293    0.692833
000122 747571 6.272892
000123 111    0.792793
000124 3213   0.961096
000125 2641   0.733056
000126 2997   0.881215
000127 355    0.794366
000128 47     1.276596
000129 97     1.103093
000130 387    0.661499
000131 25247  1.438151
000132 9143   1.163185
000133 22729  1.394562
000134 604843 5.146610
000135 4041   1.152685
000136 917319 6.924031
000137 29649  1.472056
000138 43     0.790698
000139 130847 2.257606
000140 644191 5.363013
000141 18059  1.540783
000142 3637   1.669508
000143 17025  1.664670
000144 9903   1.306877
000145 51297  1.642552
000146 29911  1.444084
000147 485847 4.518266
000148 679    0.667158
000149 375    0.672000
000150 2731   0.816917
000151 4575   1.122842
000152 279685 3.275982
000153 129    0.720930
000154 6221   1.040026
000155 815    0.899387
000156 409    0.660147
000157 103    1.106796
000158 483885 4.524335
000159 39     0.820513
000160 25523  1.436900
000161 1503   0.683965
000162 46923  1.600899
000163 594159 5.107113
000164 13059  1.041198
000165 525163 4.835291
000166 73     0.739726
000167 669    0.920777
000168 115    0.765217
000169 484359 4.792458
000170 675    0.642963
000171 89     1.168539
000172 170683 2.850536
000173 86927  2.033960
000174 314669 3.599068
000175 211    0.720379
000176 14647  1.297467
000177 2171   0.669277
000178 984893 7.218675
000179 560407 4.885881
000180 388367 3.918835
000181 65     0.753846
000182 5145   2.043343
000183 11469  0.992240
000184 435451 4.179425
000185 6311   1.021867
000186 1917   0.632760
000187 78441  1.703471
000188 51     0.803922
000189 499    0.659319
000190 187325 2.604911
000191 179    0.687151
000192 8003   1.031863
000193 84771  1.856696
000194 18845  1.240966
000195 65751  1.818208
000196 77     0.792208
000197 24795  1.380117
000198 211    0.857820
000199 7839   1.178467
000200 7013   1.240838
000201 1637   0.695174
000202 33     0.727273
000203 37     1.135135
000204 959147 7.107875
000205 55061  1.495705
000206 3491   1.258665
000207 33     0.848485
000208 415777 4.079444
000209 458007 4.291375
000210 1367   0.652524
000211 90465  1.849013
000212 32359  1.331685
000213 212417 2.824746
000214 13983  1.656798
000215 301    0.681063
000216 200225 2.725499
000217 83     0.746988
000218 35     0.857143
000219 435    1.089655
000220 383    0.879896
000221 651    0.827957
000222 103    0.699029
000223 123    0.658537
000224 22943  1.610992
000225 52519  1.597327
000226 280769 3.268128
000227 4887   2.054430
000228 305    0.662295
000229 734541 5.836921
000230 279    0.673835
000231 40015  1.515707
000232 247303 3.058499
000233 4273   1.151416
000234 51     0.705882
000235 141525 2.319830
000236 942301 7.003799
000237 31013  1.258311
000238 11675  1.084283
000239 1285   0.694163
000240 71495  1.802392
000241 6965   1.567839
000242 6135   1.165118
000243 65     0.769231
000244 1485   0.673401
000245 26309  1.453001
000246 44771  1.637913
000247 41     0.829268
000248 14363  1.382650
000249 61     0.754098
000250 366365 3.767148
000251 401    0.655860
000252 20707  1.445936
000253 605    0.664463
000254 2081   0.650649
000255 11843  1.077767
000256 37983  1.335018
000257 102165 2.026947
000258 71     0.732394
000259 3313   1.348928
000260 460551 4.337426
000261 73     0.767123
000262 309    0.682848
000263 22893  1.527629
000264 56181  1.523736
000265 50943  1.544746
000266 20835  1.339621
000267 226167 2.865904
000268 819    0.641026
000269 4069   2.287048
000270 42317  1.652858
000271 8065   1.288035
000272 10187  1.402965
000273 117    0.794872
000274 636415 5.268075
000275 201471 2.795966
000276 65     0.753846
000277 75     1.400000
000278 27987  1.516490
000279 203    0.714286
000280 77187  1.765129
000281 1131   0.660477
000282 24481  1.413627
000283 1001099 7.528911
000284 42647  1.469154
000285 35339  1.493874
000286 1393   0.656138
000287 413    0.726392
000288 2817   0.922258
000289 58367  1.493943
000290 279777 3.268181
000291 601319 5.095841
000292 25287  1.208961
000293 489    0.666667
000294 679    0.678940
000295 789    0.698352
000296 213417 2.818740
000297 99     0.737374
000298 111    0.684685
000299 57215  1.577279
000300 217609 2.913009
000301 166339 2.436091
000302 525    0.864762
000303 237    0.662447
000304 844035 6.507652
000305 4207   1.171619
000306 126459 2.321970
000307 103915 2.063648
000308 4453   2.096115
000309 45065  1.714191
000310 31243  1.432417
000311 27977  1.394074
000312 111    0.738739
000313 165    0.739394
000314 241    0.713693
000315 23809  1.332731
000316 259    0.745174
000317 105    0.742857
000318 23601  1.318631
000319 94031  1.870904
000320 55     0.836364
000321 1879   0.707823
000322 67     0.776119
000323 1285   0.652140
000324 2755   0.741561
000325 11899  1.186402
000326 73873  1.647652
000327 447    0.711409
000328 839321 6.469913
000329 221241 2.847732
000330 213495 2.766725
000331 277    0.722022
000332 11663  1.057532
000333 6089   1.140910
000334 23965  1.292468
000335 53389  1.603046
000336 203    0.709360
000337 481    0.679834
000338 35     0.714286
000339 106199 2.033644
000340 633919 5.246609
000341 45     0.822222
000342 17591  1.239100
000343 79985  1.718160
000344 27277  1.561279
000345 540415 4.810940
000346 2249   0.639840
000347 487    0.640657
000348 254491 3.104149
000349 91111  1.794449
000350 331    1.117825
000351 451    0.656319
000352 207    0.652174
000353 209    0.722488
000354 777    0.678250
000355 2455   0.754379
000356 2309   0.796016
000357 3381   0.803904
000358 35     0.742857
000359 6649   1.108889
000360 93     0.709677
000361 73     0.671233
000362 4781   1.125706
000363 498513 4.542724
000364 15177  1.017790
000365 132901 2.184431
000366 1167559 8.313614
000367 32277  1.248939
000368 97     1.000000
000369 22795  1.248958
000370 70293  1.642297
000371 235    0.723404
000372 1009163 7.690206
000373 47     0.851064
000374 2985   0.775879
000375 705    0.761702
000376 478421 4.622205
000377 209    0.703349
000378 5379   1.060048
000379 2857   0.751838
000380 567495 5.033863
000381 3367   0.766261
000382 33     0.696970
000383 705    0.638298
000384 1825   0.632877
000385 135    0.688889
000386 271    0.645756
000387 626867 5.235016
000388 623    0.648475
000389 915317 6.849164
000390 172599 2.460617
000391 2845   0.722671
000392 289    0.647059
000393 59561  1.479290
000394 675419 5.688367
000395 53153  1.457773
000396 385    0.677922
000397 4213   1.135770
000398 57393  1.462025
000399 135    0.703704
000400 307    0.644951
000401 76621  1.761632
000402 3919   1.149528
000403 144125 2.262328
000404 81     0.753086
000405 439731 4.131776
000406 731    0.658003
000407 23209  1.311517
000408 26563  1.207206
000409 705689 5.634584
000410 14937  1.013189
000411 53     0.735849
000412 9725   1.002674
000413 22097  1.175635
000414 40597  1.326551
000415 441605 4.166466
000416 527    0.692600
000417 99     0.676768
000418 183    0.666667
000419 6855   0.989059
000420 37     0.756757
000421 117973 1.976842
000422 49     0.816327
000423 149    0.671141
000424 1933   0.636317
000425 231265 2.855681
000426 51     0.784314
000427 20059  1.183110
000428 2207   0.650204
000429 10545  0.989853
000430 374219 3.799583
000431 692709 5.911728
000432 61     0.786885
000433 2525   0.722376
000434 93     0.677419
000435 300831 3.583949
000436 17495  1.134553
000437 4101   1.635455
000438 387    0.653747
000439 198003 2.678823
000440 4389   1.170654
000441 197819 2.659952
000442 1941   0.654817
000443 50785  1.445092
000444 55     0.781818
000445 14573  1.010636
000446 1146851 8.077126
000447 337    0.679525
000448 445    0.662921
000449 77     0.688312
000450 185    0.659459
000451 1535   0.665147
000452 31769  1.205609
000453 23173  1.216631
000454 97957  1.868963
000455 703621 5.618782
000456 10151  0.999409
000457 2919   0.755053
000458 1007   0.658391
000459 6777   0.988048
000460 107    0.700935
000461 57     0.701754
000462 515439 4.592524
000463 249    0.682731
000464 49     0.714286
000465 633    0.676145
000466 4731   1.133164
000467 25421  1.210220
000468 974115 7.069115
000469 39     0.820513
000470 6297   1.020804
000471 1439   0.634468
000472 75     0.720000
000473 733851 5.748843
000474 5171   1.139431
000475 227    0.718062
000476 5689   1.037968
000477 3721   1.144316
000478 4111   1.121625
000479 1545   0.655016
000480 183311 2.558384
000481 9433   0.990671
000482 141681 2.252102
000483 102861 1.891776
000484 65     0.753846
000485 111    0.675676
000486 4577   1.111208
000487 199    0.668342
000488 285    0.659649
000489 137    0.664234
000490 12463  1.006579
000491 487    0.650924
000492 623    0.653291
000493 121745 2.050146
000494 379743 3.812126
000495 41057  1.335509
000496 8543   1.012057
000497 970309 7.115391
000498 108319 2.030207
000499 3281   0.883877
000500 59     0.745763
000501 5459   1.120169
000502 99     0.717172
000503 53     0.886792
000504 33     1.181818
000505 367491 4.176611
000506 153927 2.432354
000507 56135  1.589953
000508 431    0.682135
000509 1003501 7.404056
000510 375687 3.859149
000511 401    0.660848
000512 97     0.721649
000513 12951  1.129565
000514 1331   0.648385
000515 81765  1.769278
000516 305891 3.409960
000517 1629   0.826274
000518 716217 5.852239
000519 210259 2.730718
000520 187    0.695187
000521 20703  1.651307
000522 2411   0.708420
000523 467    0.678801
000524 129    1.124031
000525 279    0.691756
000526 583    0.710120
000527 22271  1.470253
000528 375    0.658667
000529 893    0.673012
000530 140749 2.328002
000531 882877 6.769680
000532 189    0.687831
000533 269    0.672862
000534 67     0.746269
000535 1583   0.665193
000536 27689  1.479721
000537 1355   0.645756
000538 30533  1.338945
000539 2989   0.765139
000540 9001   1.113432
000541 23187  1.273257
000542 469    0.697228
000543 2299   0.648978
000544 107    0.738318
000545 289    0.820069
000546 69     0.739130
000547 538749 4.869913
000548 571013 5.103940
000549 36861  1.341201
000550 16701  1.427040
000551 203579 2.823071
000552 111    0.702703
000553 65099  1.658075
000554 542645 4.815835
000555 1403   0.635068
000556 31267  1.529888
000557 749613 5.975141
000558 175185 2.545589
000559 436649 4.257097
000560 53     0.792453
000561 10047  1.138549
000562 63083  1.641441
000563 4419   1.376329
000564 13409  1.212320
000565 5483   1.212475
000566 10243  1.036220
000567 1895   0.645910
000568 186793 2.631972
000569 261973 3.126857
000570 296415 3.332996
000571 60945  1.557339
000572 711    0.662447
000573 57     0.789474
000574 5017   1.309348
000575 1225   0.641633
000576 297    0.814815
000577 5115   1.520626
000578 69     0.724638
000579 2263   0.803358
000580 186361 2.534919
000581 347    0.697406
000582 18563  1.290470
000583 6043   1.031772
000584 633125 5.320319
000585 107    0.710280
000586 65141  1.727530
000587 57     0.754386
000588 585675 5.009364
000589 15139  1.222274
000590 1407   0.665245
000591 75     0.760000
000592 1597   0.681277
000593 747    1.087015
000594 3791   1.171723
000595 585    0.646154
000596 165861 2.466204
000597 151    0.748344
000598 3891   2.372398
000599 42345  1.633817
000600 57     0.824561
000601 273    0.673993
000602 563899 4.915180
000603 16723  1.133469
000604 1180279 8.303479
000605 807    0.664188
000606 339309 3.609595
000607 32607  1.393474
000608 201    0.701493
000609 67     0.776119
000610 13859  1.430478
000611 770377 6.409355
000612 5269   1.085026
000613 152441 2.397865
000614 47     0.808511
000615 57     0.824561
000616 247129 2.972877
000617 751    0.659121
000618 127    0.685039
000619 3285   0.767732
000620 7675   1.029316
000621 1473   0.674134
000622 1865   0.677748
000623 153    0.738562
000624 30993  1.402833
000625 354171 3.744293
000626 6685   0.987135
000627 2151   0.658763
000628 876071 6.712016
000629 3153   0.750714
000630 66577  1.594379
000631 157    0.700637
000632 320823 3.450479
000633 17677  1.129264
000634 6197   1.004841
000635 3709   1.971960
000636 178651 2.600596
000637 10201  0.980884
000638 73     0.712329
000639 231    0.696970
000640 137229 2.267392
000641 95     0.905263
000642 39     0.871795
000643 8797   1.200068
000644 3329   0.786122
000645 350971 3.721196
000646 150643 2.384240
000647 347761 3.651841
000648 149637 2.409752
000649 191    0.931937
000650 241    0.680498
000651 39883  1.384750
000652 145    0.710345
000653 1014217 7.654674
000654 978631 7.309450
000655 81     0.728395
000656 3609   1.116930
000657 109201 2.051932
000658 7031   1.261556
000659 876139 6.714315
000660 24037  1.236718
000661 45     0.800000
000662 495    0.676768
000663 1103   0.772439
000664 2991   0.816449
000665 7625   1.034098
000666 24747  1.346749
000667 6699   1.243917
000668 595    0.714286
000669 50999  1.530226
000670 37     0.837838
000671 219    1.123288
000672 41     0.804878
000673 3123   0.853666
000674 537    0.640596
000675 791299 6.536971
000676 6505   1.006918
000677 61027  1.651072
000678 185999 2.664498
000679 168729 2.427870
000680 557751 4.917228
000681 30079  1.226637
000682 67     0.731343
000683 13399  1.196955
000684 243    0.683128
000685 239545 2.954652
000686 6037   1.359450
000687 1119   0.784629
000688 17209  1.442094
000689 634191 5.312155
000690 3751   1.171688
000691 905    0.640884
000692 137    0.773723
000693 4345   1.166628
000694 458295 4.370155
000695 51359  1.654218
000696 127    0.716535
000697 37     0.837838
000698 115    0.747826
000699 16417  1.290065
000700 1385   0.746570
000701 153    0.705882
000702 19811  1.318005
000703 113433 2.480530
000704 49     0.775510
000705 12587  1.303567
000706 101    0.702970
000707 6949   1.248813
000708 559    0.649374
000709 1048113 7.875741
000710 443691 4.405086
000711 83     0.855422
000712 173369 2.473037
000713 9819   1.014869
000714 1237   0.639450
000715 1223   0.634505
000716 41     0.731707
000717 75587  1.770847
000718 982411 7.405980
000719 781    0.659411
000720 432201 4.162788
000721 239387 3.056874
000722 757    0.668428
000723 802421 6.326620
000724 969    0.675955
000725 21095  1.222849
000726 150787 2.323649
000727 3247   0.765630
000728 7311   1.034742
000729 71     0.718310
000730 531141 5.003244
000731 1927   0.634146
000732 1171   0.678053
000733 475    0.656842
000734 35331  1.222751
000735 2423   0.710689
000736 4483   1.121347
000737 1375   0.637818
000738 56743  1.472728
000739 2675   0.788785
000740 919    0.633297
000741 45     0.733333
000742 1949   0.643407
000743 305685 3.680439
000744 193    0.740933
000745 5823   1.147003
000746 1048635 7.766142
000747 501471 4.860770
000748 16963  1.574721
000749 319    1.037618
000750 317    0.760252
000751 41     1.682927
000752 79863  1.895358
000753 41137  1.437222
000754 62213  1.544243
000755 10379  0.977840
000756 63     0.730159
000757 6019   1.025586
000758 115    0.695652
000759 59     0.694915
000760 905    0.639779
000761 1367   0.649598
000762 8911   1.004377
000763 531    0.645951
000764 23047  1.218250
000765 26511  1.206858
000766 89103  1.778335
000767 44769  1.399585
000768 79     0.772152
000769 81     0.679012
000770 4395   1.148578
000771 5271   1.061468
000772 55     0.709091
000773 551    0.669691
000774 1573   0.643357
000775 52953  1.771212
000776 1047253 7.717219
000777 30517  1.238130
000778 259451 3.150699
000779 2221   0.640702
000780 6039   1.036430
000781 2203   0.653200
000782 3009   0.753406
000783 8105   1.038371
000784 9137   1.039400
000785 326111 3.525616
000786 6061   1.017819
000787 55     0.709091
000788 249503 3.065322
000789 682349 5.810198
000790 495    0.698990
000791 469    0.646055
000792 1383   0.642805
000793 57     0.736842
000794 18441  1.115178
000795 14259  1.034014
000796 819677 6.394885
000797 63     0.746032
000798 74865  1.619195
000799 10815  0.962922
000800 29539  1.294255
000801 14013  1.012203
000802 195    0.682051
000803 59     0.694915
000804 47089  1.444584
000805 795715 6.007506
000806 116075 1.951661
000807 3599   1.062795
000808 57639  1.468329
000809 16937  1.106630
000810 4385   1.163512
000811 1697   0.654095
000812 31399  1.194019
000813 143    0.699301
000814 357    0.649860
000815 8391   1.008819
000816 129    0.689922
000817 11389  0.972781
000818 66085  1.567981
000819 149305 2.271900
000820 4945   1.074823
000821 31091  1.208292
000822 57     0.754386
000823 90049  1.750336
000824 4981   1.078699
000825 95     0.673684
000826 7153   0.997623
000827 231411 2.836672
000828 712455 5.570546
000829 455793 4.175755
000830 9219   1.004230
000831 205    0.668293
000832 665    0.642105
000833 26039  1.189255
000834 341    0.674487
000835 470683 4.376228
000836 2091   0.671927
000837 18455  1.103387
000838 3645   1.122908
000839 180335 2.434685
000840 3039   0.741033
000841 687    0.639010
000842 40135  1.271982
000843 63     0.746032
000844 609    0.656814
000845 184049 2.529397
000846 105    0.733333
000847 1015   0.672906
000848 5153   1.235009
000849 1183439 8.059195
000850 29069  1.222505
000851 941239 6.839078
000852 499451 4.457867
000853 699    0.693848
000854 905    0.640884
000855 63181  1.533784
000856 27493  1.199396
000857 2067   0.650701
000858 456147 4.196770
000859 126375 2.092605
000860 4535   1.111136
000861 1087709 7.522896
000862 1333   0.654164
000863 941    0.712009
000864 12061  1.011193
000865 1073327 7.630858
000866 825    0.667879
000867 315955 3.364973
000868 12277  1.010019
000869 4485   1.114381
000870 137    0.678832
000871 3295   0.771472
000872 987    0.640324
000873 497    0.643863
000874 779    0.654685
000875 102953 1.913533
000876 79     0.759494
000877 157    0.662420
000878 23097  1.220245
000879 2175   0.673563
000880 579433 4.903292
000881 83     0.759036
000882 167    0.670659
000883 93789  1.774078
000884 541    0.659889
000885 14967  1.020378
000886 65501  1.524450
000887 1041   0.661864
000888 2701   0.838578
000889 109    0.678899
000890 29555  1.210218
000891 282399 3.255334
000892 571    0.676007
000893 10643  0.977262
000894 3051   0.753196
000895 95     0.705263
000896 63     0.698413
000897 22061  1.343321
000898 404657 3.912835
000899 16359  1.109848
000900 188039 2.528295
000901 877    0.655644
000902 708401 5.645777
000903 2341   0.682187
000904 112267 1.960594
000905 593905 4.991153
000906 355    0.664789
000907 374543 3.777737
000908 53     0.773585
000909 19739  1.182076
000910 69     0.753623
000911 134373 2.125315
000912 37507  1.237449
000913 8617   1.030869
000914 187957 2.608219
000915 459    0.675381
000916 539    0.638219
000917 11535  0.997052
000918 51     0.764706
000919 186255 2.601863
000920 35671  1.221188
000921 18167  1.128640
000922 7453   1.006440
000923 289    0.733564
000924 2579   0.708026
000925 2133   0.640881
000926 23211  1.212098
000927 3109   0.773882
000928 824469 6.233111
000929 4517   1.189285
000930 629509 5.171967
000931 32309  1.211180
000932 373761 3.751183
000933 13627  1.012328
000934 33     0.787879
000935 79885  1.691544
000936 10835  0.970466
000937 111    0.783784
000938 13841  1.030200
000939 227    0.691630
000940 239707 2.886065
000941 4865   1.093731
000942 25799  1.214853
000943 71     0.788732
000944 91     0.692308
000945 153    0.666667
000946 40241  1.261897
000947 91     0.736264
000948 1113   0.649596
000949 8945   1.036110
000950 131    0.687023
000951 1491   0.644534
000952 4099   1.157843
000953 1091885 7.605414
000954 227747 2.833499
000955 13625  1.031853
000956 65     0.769231
000957 1555   0.648232
000958 53     0.698113
000959 43     0.767442
000960 3127   0.762392
000961 73909  1.651964
000962 997585 7.179465
000963 35     0.828571
000964 28819  1.221659
000965 5461   1.068486
000966 60893  1.521390
000967 1375   0.674182
000968 144813 2.265681
000969 20925  1.180597
000970 251    0.717131
000971 410659 3.971029
000972 161    0.683230
000973 81     0.679012
000974 329    0.644377
000975 7803   1.000000
000976 123    0.747967
000977 16891  1.114854
000978 135477 2.168368
000979 173    0.734104
000980 5539   1.100560
000981 131    0.679389
000982 2661   0.723412
000983 287859 3.254680
000984 43463  1.374687
000985 2859   0.744316
000986 79161  1.670899
000987 3533   1.587037
000988 650791 5.265826
000989 25435  1.217653
000990 25925  1.211340
000991 111    0.783784
000992 121    0.685950
000993 18129  1.119146
000994 53     0.773585
000995 1189   0.651808
000996 1045199 7.405059
000997 75     0.786667
000998 2453   0.719935
000999 71     0.704225
001000 273149 3.184793
001001 92745  1.769626
001002 54553  1.451781
001003 14125  1.029664
001004 74295  1.733831
001005 36731  1.238246
001006 513    0.686160
001007 327    0.645260
001008 485    0.647423
001009 62245  1.542630
001010 20841  1.200854
001011 421567 4.216601
001012 28431  1.350603
001013 139    0.712230
001014 130657 2.217149
001015 221    0.787330
001016 54487  1.553985
001017 177    0.762712
001018 117    0.846154
001019 197    0.670051
001020 402071 4.133471
001021 443619 4.247027
001022 195    0.676923
001023 12293  1.008216
001024 9011   0.995006
001025 24465  1.217617
001026 30299  1.204165
001027 3597   1.134001
001028 1453   0.642808
001029 633    0.642970
001030 2215   0.642438
001031 557    0.664273
001032 24599  1.213057
001033 1017   0.663717
001034 261    0.647510
001035 5745   1.035509
001036 252851 3.124370
001037 1065   0.679812
001038 14579  1.080252
001039 17047  1.210829
001040 983    0.733469
001041 113899 2.075541
001042 40549  1.386051
001043 92919  1.849751
001044 37801  1.341129
001045 87     0.735632
001046 2851   0.748509
001047 965    0.794819
001048 133    0.842105
001049 1113   0.657682
001050 435073 4.521198
001051 185    0.735135
001052 28087  1.442874
001053 275503 3.289282
001054 19015  1.136524
001055 260875 3.172830
001056 330015 3.903077
001057 1090079 7.950405
001058 2757   0.730867
001059 5923   1.175924
001060 57     1.087719
001061 83     1.578313
001062 3783   1.220460
001063 18983  1.317389
001064 1341   0.653244
001065 269393 3.209660
001066 375817 3.834733
001067 3605   1.158391
001068 361    0.681440
001069 853    0.828839
001070 325    0.849231
001071 16723  1.254739
001072 13015  1.205839
001073 3619   1.126554
001074 196015 2.688942
001075 4791   1.304112
001076 29115  1.367714
001077 161    0.900621
001078 75     1.173333
001079 263833 3.201112
001080 8993   1.050484
001081 591527 5.081465
001082 5109   1.085535
001083 35     0.742857
001084 9833   1.087969
001085 515    0.708738
001086 1599   0.681051
001087 5713   1.047961
001088 41     0.829268
001089 6543   0.996332
001090 5493   1.114691
001091 11857  1.203846
001092 49     0.775510
001093 74877  1.749563
001094 23553  1.561245
001095 73     1.191781
001096 14449  1.109558
001097 47787  1.574654
001098 159455 2.383914
001099 78975  1.792707
001100 231    0.683983
001101 9847   1.118412
001102 11751  1.168156
001103 443    0.693002
001104 393    0.732824
001105 875565 6.665236
001106 11723  1.375672
001107 668123 5.442260
001108 203    0.689655
001109 2583   0.705381
001110 8815   1.043108
001111 13317  1.278066
001112 1361   0.674504
001113 969    0.637771
001114 4817   1.286485
001115 6063   1.179614
001116 461    0.650759
001117 543    0.651934
001118 191    0.958115
001119 983    0.803662
001120 14207  1.099669
001121 1049837 7.589540
001122 8003   1.069099
001123 587    0.650767
001124 95     0.863158
001125 41459  1.642924
001126 1317   0.875475
001127 6463   1.318737
001128 168687 2.505143
001129 19773  1.361351
001130 365351 3.816782
001131 351863 3.673157
001132 74647  1.651855
001133 149    0.691275
001134 744393 5.931199
001135 56501  1.467514
001136 523361 4.703690
001137 13621  1.340724
001138 171459 2.457060
001139 3959   1.318262
001140 39745  1.517625
001141 1061511 7.570815
001142 561    0.689840
001143 57     0.719298
001144 45     0.800000
001145 185    0.821622
001146 11581  1.250237
001147 6607   0.994400
001148 618371 5.185529
001149 71     0.746479
001150 1063   0.640640
001151 9347   1.480261
001152 123    0.756098
001153 3339   0.773884
001154 271    0.660517
001155 227    0.704846
001156 13941  1.127035
001157 3325   0.880602
001158 645    0.913178
001159 126045 2.076385
001160 29737  1.353869
001161 35     0.800000
001162 76085  1.699809
001163 141    0.716312
001164 192977 2.677708
001165 1194469 8.313242
001166 67     0.776119
001167 309    0.666667
001168 200081 2.760177
001169 541    1.260628
001170 17057  1.557894
001171 47     1.319149
001172 148845 2.287400
001173 3567   1.948696
001174 805    0.668323
001175 61135  1.573730
001176 545    0.656881
001177 3175   0.781417
001178 47     0.893617
001179 877    0.653364
001180 103425 2.025062
001181 14585  1.385190
001182 139    1.028777
001183 9507   1.514779
001184 143    0.678322
001185 26989  1.322428
001186 95945  1.955798
001187 370007 3.807890
001188 12875  1.217165
001189 397    0.856423
001190 735    0.813605
001191 101    0.712871
001192 375    0.928000
001193 333    0.675676
001194 897    0.654404
001195 23403  1.357091
001196 156143 2.410329
001197 121    0.876033
001198 859    0.785797
001199 613    0.657423
001200 3573   1.464875
001201 37827  1.358104
001202 97     0.742268
001203 206689 2.789103
001204 53611  1.609576
001205 771    0.693904
001206 107821 2.005194
001207 971219 7.168604
001208 173    0.699422
001209 143189 2.374659
001210 81     0.740741
001211 1054247 7.590386
001212 45     0.844444
001213 36139  1.492736
001214 39285  1.412371
001215 729835 5.836819
001216 163    0.693252
001217 32015  1.433328
001218 365853 3.862283
001219 888457 6.723724
001220 333913 3.621084
001221 80315  1.924908
001222 4707   1.301466
001223 2635   0.781784
001224 27097  1.564491
001225 258573 3.076621
001226 64947  1.659045
001227 139    0.697842
001228 229    0.672489
001229 1671   0.701975
001230 911    0.654226
001231 1341   0.723341
001232 163    0.680982
001233 672839 5.639174
001234 377299 3.868613
001235 135367 2.202546
001236 44851  1.669194
001237 8787   1.472289
001238 67     0.791045
001239 311    0.675241
001240 91057  1.849270
001241 3709   1.399029
001242 71     0.746479
001243 130215 2.167469
001244 11137  1.166831
001245 34963  1.343420
001246 396225 4.024897
001247 939    0.661342
001248 382209 4.160028
001249 509    0.880157
001250 284653 3.352043
001251 567    0.647266
001252 643    0.758942
001253 14675  1.237547
001254 309    0.663430
001255 3223   0.784362
001256 143189 2.295595
001257 47     0.808511
001258 82917  1.799932
001259 165    0.715152
001260 114079 2.195382
001261 990031 7.359285
001262 10241  1.013475
001263 71723  1.739484
001264 32079  1.329748
001265 35753  1.336727
001266 2377   0.726125
001267 115    1.173913
001268 756865 6.365854
001269 1130065 8.016471
001270 2909   0.756617
001271 85     0.717647
001272 1026017 7.422975
001273 35235  1.222137
001274 207495 2.792906
001275 52553  1.582250
001276 85     0.752941
001277 11631  1.220531
001278 65     1.507692
001279 475733 4.381075
001280 102717 1.957777
001281 375945 3.868475
001282 117    0.717949
001283 23389  1.330839
001284 5291   1.222831
001285 197    0.685279
001286 923    0.645720
001287 5757   1.182039
001288 585915 5.020354
001289 15735  1.019828
001290 36987  1.672290
001291 213    0.690141
001292 439    0.783599
001293 22609  1.334159
001294 47557  1.599870
001295 85     0.741176
001296 2055   0.680779
001297 617785 5.181542
001298 255    0.709804
001299 393839 3.975391
001300 177    0.689266
001301 1185   0.827004
001302 273    0.663004
001303 137031 2.173472
001304 37     0.918919
001305 99437  1.962941
001306 51     0.843137
001307 9397   1.193360
001308 505013 4.556605
001309 21059  1.404625
001310 62655  1.702482
001311 157    0.719745
001312 113    0.716814
001313 177329 2.493016
001314 135    0.703704
001315 1575   0.894603
001316 47779  1.623370
001317 36143  1.645187
001318 4445   1.350731
001319 6161   1.340691
001320 390099 3.898569
001321 2145   0.638695
001322 251    0.685259
001323 34573  1.389466
001324 66573  1.749102
001325 717    0.662483
001326 430239 4.119438
001327 111    0.792793
001328 131    0.702290
001329 551    0.709619
001330 217545 2.931752
001331 49     1.367347
001332 164905 2.501010
001333 70615  1.916052
001334 90699  1.836955
001335 280483 3.284174
001336 277    0.689531
001337 1419   1.257223
001338 248789 2.988275
001339 5225   2.014545
001340 172267 2.476406
001341 1047   0.869150
001342 28855  1.409253
001343 46205  1.550676
001344 22723  1.393214
001345 282789 3.287759
001346 59901  1.655665
001347 619311 5.192252
001348 329    0.680851
001349 164411 2.398836
001350 174731 2.604174
001351 6647   1.476155
001352 247    0.728745
001353 635    1.261417
001354 1569   0.905672
001355 136189 2.251151
001356 99     0.777778
001357 89     0.730337
001358 39183  1.509303
001359 275    1.178182
001360 39969  1.486577
001361 360057 3.727013
001362 211833 2.776494
001363 487381 4.481180
001364 313    0.670927
001365 15017  1.486249
001366 127    0.724409
001367 4205   1.159572
001368 113    1.044248
001369 54299  1.574283
001370 75201  1.714964
001371 134217 2.146248
001372 336111 3.655917
001373 345    0.663768
001374 42025  1.625057
001375 4331   1.651582
001376 36597  1.339673
001377 217961 2.824524
001378 4783   1.136316
001379 957677 7.077526
001380 27657  1.221644
001381 239    0.673640
001382 233    0.695279
001383 431    0.656613
001384 825    0.820606
001385 73603  1.726940
001386 3685   1.301493
001387 799    0.674593
001388 155    0.696774
001389 565    0.693805
001390 15563  1.072801
001391 1329   0.665914
001392 5731   1.087768
001393 795    0.676730
001394 339    0.648968
001395 108927 1.979252
001396 420891 4.081026
001397 77159  1.695473
001398 46751  1.528438
001399 617413 5.236445
001400 279069 3.259642
001401 37     0.837838
001402 669    0.816143
001403 91     1.109890
001404 33     0.909091
001405 1593   0.658506
001406 405    0.644444
001407 28853  1.312584
001408 125    0.712000
001409 15573  1.290182
001410 48693  1.621650
001411 431    1.027842
001412 103    0.708738
001413 1127691 8.008303
001414 314241 3.431239
001415 858923 6.508126
001416 26117  1.212850
001417 767    0.654498
001418 122081 2.108215
001419 87     0.781609
001420 16823  1.371991
001421 21413  1.290198
001422 571    0.679510
001423 149    0.697987
001424 35     0.857143
001425 32103  1.436096
001426 7983   1.199549
001427 223    0.659193
001428 341    0.683284
001429 63     0.746032
001430 27441  1.773951
001431 63     0.761905
001432 4189   1.151587
001433 430355 4.120294
001434 93     0.827957
001435 41     1.365854
001436 112837 2.053458
001437 1086889 8.108011
001438 400971 3.986401
001439 11779  1.372018
001440 295    0.776271
001441 2547   0.712996
001442 113093 2.031620
001443 17481  1.462216
001444 723657 5.822546
001445 2221   0.642503
001446 1181   0.635055
001447 626065 5.226718
001448 773    0.666235
001449 6349   1.596787
001450 383    0.663185
001451 1093907 7.857713
001452 205    0.697561
001453 33427  1.453436
001454 152845 2.322680
001455 26641  1.530048
001456 22079  1.404004
001457 1479   0.647735
001458 97895  1.944900
001459 50713  1.592294
001460 185    0.702703
001461 21771  1.344495
001462 41359  1.718731
001463 230165 2.876732
001464 413    0.656174
001465 197    1.005076
001466 12535  1.126127
001467 11191  1.251273
001468 85     0.752941
001469 20417  1.274036
001470 2549   0.710082
001471 42869  1.425902
001472 91     0.725275
001473 33     0.878788
001474 13577  1.160566
001475 37455  1.798425
001476 22171  1.541654
001477 227897 2.846185
001478 2113   0.888310
001479 36051  1.481263
001480 18455  1.536223
001481 12637  1.092506
001482 15671  1.063365
001483 146345 2.366538
001484 11881  1.292652
001485 1121   0.678858
001486 7101   1.088720
001487 69     0.710145
001488 17977  1.322690
001489 262379 3.126321
001490 63901  1.577033
001491 2475   0.829495
001492 61719  1.512516
001493 83327  1.751461
001494 116895 2.091715
001495 797    0.664994
001496 309251 3.346718
001497 229    0.711790
001498 177    1.203390
001499 79     0.759494
001500 265    0.796226
001501 1489   0.815984
001502 963677 7.090231
001503 49437  1.464025
001504 73     0.753425
001505 3719   1.143318
001506 3825   1.853072
001507 16359  1.226114
001508 847    0.651712
001509 61     0.737705
001510 1977   0.649469
001511 1579   0.727676
001512 1931   0.670637
001513 24495  1.326965
001514 105    0.761905
001515 1251   0.664269
001516 3441   0.812554
001517 909331 6.824160
001518 357    0.652661
001519 111    0.693694
001520 11321  1.152902
001521 85     0.717647
001522 9719   1.031999
001523 2075   0.675663
001524 113295 2.087921
001525 908109 6.801780
001526 787    0.646760
001527 32651  1.329393
001528 787    0.665820
001529 249    0.698795
001530 89189  1.798125
001531 49     1.244898
001532 25529  1.388930
001533 2703   0.725490
001534 12079  1.166322
001535 483769 4.521028
001536 204601 2.703061
001537 743    0.682369
001538 1136821 8.242018
001539 782765 6.241226
001540 31925  1.219984
001541 471303 4.506863
001542 939    0.663472
001543 265    0.660377
001544 65     1.123077
001545 91453  1.929352
001546 4267   1.774549
001547 13587  1.248914
001548 213329 2.774489
001549 9705   1.415765
001550 105    1.314286
001551 164257 2.469082
001552 372063 3.841640
001553 158515 2.401072
001554 434663 4.145853
001555 541859 4.806398
001556 15261  1.030797
001557 23063  1.413519
001558 40449  1.426463
001559 416669 4.154766
001560 22133  1.380608
001561 398653 4.068144
001562 64541  1.611301
001563 25123  1.388608
001564 3309   0.858568
001565 8109   1.188679
001566 2801   0.840771
001567 23943  1.327695
001568 1197   0.678363
001569 465    0.645161
001570 5857   1.263616
001571 61     0.721311
001572 305773 3.436661
001573 137    0.708029
001574 905    0.746961
001575 406429 4.065795
001576 425    0.651765
001577 375    0.733333
001578 41     1.170732
001579 10009  0.987212
001580 9281   1.295335
001581 2357   0.713619
001582 12533  1.126546
001583 13133  1.063961
001584 91     0.802198
001585 437    0.697941
001586 1919   0.657113
001587 3737   1.249130
001588 46047  1.498968
001589 822055 6.400674
001590 1145   0.661135
001591 34209  1.513724
001592 13657  1.143004
001593 6481   1.248727
001594 85943  1.796307
001595 14553  1.239263
001596 55     0.800000
001597 1771   0.773010
001598 238097 2.934791
001599 336735 3.657977
001600 105    0.723810
001601 1969   0.660741
001602 243    0.740741
001603 233325 2.971915
001604 2347   1.063911
001605 263    0.673004
001606 2203   0.808897
001607 14819  1.158985
001608 9303   1.212512
001609 2611   0.715818
001610 10015  0.990814
001611 897297 6.850570
001612 5037   1.158428
001613 593501 5.123897
001614 3587   1.106774
001615 163959 2.504687
001616 943    0.703075
001617 7215   1.312128
001618 14135  1.131164
001619 81     0.716049
001620 915    0.661202
001621 33777  1.306688
001622 85543  1.799621
001623 59     0.813559
001624 97443  1.968371
001625 333    0.711712
001626 149    0.724832
001627 95     1.284211
001628 63     0.746032
001629 1081931 7.846825
001630 189    0.703704
001631 331105 3.703831
001632 123    0.739837
001633 1103   0.651859
001634 86085  1.838381
001635 1215   0.669136
001636 5057   1.404192
001637 1039   0.684312
001638 20279  1.627151
001639 483    0.699793
001640 43     0.790698
001641 387117 3.989931
001642 59673  1.677174
001643 11049  1.166983
001644 91     0.736264
001645 337    0.658754
001646 857    0.645274
001647 1019   0.658489
001648 86911  1.775195
001649 30735  1.349146
001650 171105 2.478770
001651 2071   0.833414
001652 62805  1.722936
001653 261    0.666667
001654 116869 2.113084
001655 8215   1.083871
001656 119    0.714286
001657 68931  1.599948
001658 85773  1.779080
001659 20081  1.363926
001660 103653 1.945308
001661 361    0.850416
001662 317691 3.475113
001663 3701   1.169414
001664 571    0.660245
001665 1309   0.795264
001666 211    0.919431
001667 573    0.799302
001668 237357 2.975665
001669 695407 5.820327
001670 2555   0.703327
001671 5673   1.150890
001672 15867  1.695721
001673 925    1.006486
001674 75     0.693333
001675 145    0.737931
001676 366649 3.842561
001677 131285 2.230872
001678 667    0.886057
001679 3127   0.755996
001680 307    0.661238
001681 58287  1.567005
001682 2417   0.719901
001683 495    0.763636
001684 67     0.716418
001685 77603  1.771259
001686 4425   1.309605
001687 4937   1.321855
001688 17553  1.231812
001689 8063   1.192360
001690 153669 2.379458
001691 147175 2.428320
001692 18297  1.499208
001693 51     1.470588
001694 646679 5.449053
001695 2737   0.729266
001696 1151   0.649001
001697 9829   0.998779
001698 97     0.731959
001699 141    0.702128
001700 191    0.937173
001701 929    0.643703
001702 94685  1.904557
001703 385213 3.942411
001704 155209 2.575972
001705 551703 4.926905
001706 2045   0.636186
001707 11289  1.554699
001708 49     1.244898
001709 85251  1.845456
001710 8153   1.119588
001711 30509  1.365663
001712 255    0.674510
001713 105435 1.984569
001714 2901   0.745605
001715 209141 2.815479
001716 135    0.703704
001717 7205   1.259820
001718 35     1.228571
001719 98547  2.008148
001720 1589   0.801762
001721 108977 1.958349
001722 95     1.421053
001723 44275  1.519164
001724 178257 2.571966
001725 290549 3.433824
001726 19765  1.345914
001727 8465   1.643473
001728 48373  1.561139
001729 1147   0.718396
001730 35     0.800000
001731 1297   0.713955
001732 425755 4.191307
001733 279707 3.311444
001734 50559  1.603552
001735 8661   1.404688
001736 17811  1.244849
001737 45371  1.406207
001738 10655  1.063257
001739 67     0.940299
001740 15239  1.144498
001741 15483  1.026093
001742 37277  1.319715
001743 167159 2.464259
001744 107    0.757009
001745 99641  1.913319
001746 1080411 7.735474
001747 8787   1.711392
001748 58769  1.792254
001749 449219 4.205868
001750 118589 2.008492
001751 146251 2.382856
001752 449567 4.255648
001753 1649   0.637356
001754 453475 4.344464
001755 617    0.661264
001756 475935 4.482383
001757 1057533 7.664121
001758 16599  1.132478
001759 20223  1.309450
001760 5995   1.128107
001761 247149 3.041392
001762 463    0.740821
001763 325485 3.577351
001764 658339 5.433339
001765 4599   1.124375
001766 16523  1.494946
001767 1967   0.650229
001768 1311   0.656751
001769 49     1.306122
001770 225    0.680000
001771 51     0.784314
001772 2641   0.726240
001773 5303   1.333019
001774 1086595 7.686416
001775 776653 6.089493
001776 353    0.719547
001777 27653  1.549958
001778 363205 3.774956
001779 59     0.796610
001780 147    0.925170
001781 17539  1.510747
001782 3099   0.777993
001783 2701   0.999630
001784 229    0.938865
001785 3179   0.761560
001786 3663   1.479934
001787 850253 6.465467
001788 3303   0.788980
001789 340699 3.612300
001790 473    0.655391
001791 954073 7.060846
001792 1050059 7.565101
001793 85     0.752941
001794 1757   0.694365
001795 71     0.788732
001796 1817   0.668685
001797 132269 2.225601
001798 14911  1.717859
001799 5923   1.095560
001800 1349   0.653818
001801 2659   0.739000
001802 6539   1.241168
001803 35     0.771429
001804 422585 4.055873
001805 38775  1.424939
001806 83     0.734940
001807 93     0.698925
001808 1595   0.745455
001809 6979   1.303339
001810 251483 3.103108
001811 38591  1.463709
001812 57     1.280702
001813 115    0.913043
001814 1887   0.851086
001815 188377 2.609655
001816 135    0.711111
001817 119035 2.130155
001818 94493  2.020393
001819 265    0.747170
001820 1741   0.639288
001821 4543   1.224301
001822 951    0.710831
001823 510829 4.599635
001824 581749 5.033135
001825 290399 3.328951
001826 185    0.718919
001827 207829 2.795837
001828 111697 2.012221
001829 109    0.697248
001830 282845 3.336534
001831 64821  1.493174
001832 61     0.754098
001833 2189   0.749201
001834 33     0.848485
001835 119    0.722689
001836 265    0.690566
001837 196923 2.762603
001838 81     0.753086
001839 3351   0.786332
001840 55     1.072727
001841 289917 3.368488
001842 7621   1.146044
001843 540237 4.881685
001844 255    0.776471
001845 333    0.681682
001846 335597 3.683853
001847 79679  1.703686
001848 1145743 8.252806
001849 7309   1.630592
001850 8211   1.579223
001851 56965  1.751233
001852 1461   0.655715
001853 336621 3.754317
001854 47813  1.694518
001855 11439  1.713524
001856 2415   0.894824
001857 3921   1.143076
001858 467    0.755889
001859 21209  1.778679
001860 107    0.738318
001861 89819  1.823768
001862 508411 4.657413
001863 31735  1.238790
001864 187    0.689840
001865 4295   1.662864
001866 1137   0.642040
001867 834055 6.526809
001868 279709 3.345563
001869 377    0.681698
001870 6223   1.297124
001871 852307 6.635025
001872 397253 3.991768
001873 678807 5.684832
001874 34503  1.226734
001875 33     0.848485
001876 173    0.693642
001877 33     0.787879
001878 945873 7.111633
001879 691    0.655572
001880 869509 6.714338
001881 33     0.818182
001882 539    0.656772
001883 198831 2.701616
001884 101    0.742574
001885 12217  1.097733
001886 46197  1.690478
001887 3161   0.772540
001888 139253 2.334327
001889 2941   0.923495
001890 1187   0.704297
001891 41     0.951220
001892 858009 6.668529
001893 481543 4.543252
001894 838905 6.858194
001895 860221 6.715184
001896 537    0.657356
001897 299    0.668896
001898 8445   1.253996
001899 72315  1.622706
001900 39261  1.363974
001901 839    0.772348
001902 4755   1.246898
001903 21815  1.286042
001904 6445   1.134678
001905 975    0.658462
001906 26753  1.323403
001907 65265  1.689926
001908 895439 6.777772
001909 219    0.684932
001910 29205  1.519329
001911 3901   1.236093
001912 161969 2.510394
001913 1897   0.806537
001914 77     0.740260
001915 15951  1.150586
001916 861    0.672474
001917 2603   0.772954
001918 3437   0.805644
001919 415    0.730120
001920 13479  1.084873
001921 1001319 7.487047
001922 753141 6.021964
001923 139    0.705036
001924 634783 5.335682
001925 617    0.649919
001926 159    0.672956
001927 12615  1.185097
001928 45603  1.472096
001929 685    0.690511
001930 45     0.888889
001931 2985   0.771524
001932 15743  1.334244
001933 117    1.102564
001934 46629  1.692981
001935 194635 2.655812
001936 660647 5.444252
001937 400347 4.002655
001938 33     1.363636
001939 37     1.297297
001940 644441 5.334619
001941 1857   0.697900
001942 373    0.667560
001943 161    0.751553
001944 2033   0.830792
001945 1361   0.661278
001946 781    1.058899
001947 983    0.699898
001948 937    0.862327
001949 7113   1.375369
001950 27069  1.381987
001951 87587  1.915684
001952 63     0.793651
001953 415    0.677108
001954 185927 2.610283
001955 936075 7.014793
001956 229887 2.933689
001957 135    0.955556
001958 137881 2.308563
001959 14795  1.206016
001960 38897  1.386688
001961 136225 2.238598
001962 8507   1.557776
001963 11507  1.088642
001964 6447   1.288351
001965 665453 5.534815
001966 86077  1.784344
001967 411661 4.072698
001968 7003   1.033557
001969 7659   1.035383
001970 745981 6.023562
001971 787    0.649301
001972 3421   0.783689
001973 335    0.668657
001974 69821  1.768207
001975 567    0.656085
001976 523045 4.734711
001977 7481   1.370405
001978 6781   1.672172
001979 80247  1.713323
001980 581601 5.045645
001981 149751 2.374495
001982 1191   0.682620
001983 35     0.857143
001984 241    0.697095
001985 676759 5.582698
001986 174019 2.521512
001987 33573  1.734072
001988 43123  1.620852
001989 191381 2.674388
001990 213    0.953052
001991 1146601 8.243992
001992 328283 3.606912
001993 1055   0.709953
001994 104631 2.066567
001995 339937 3.619991
001996 76127  1.705190
001997 230771 2.987698
001998 386899 3.943101
001999 373    0.820375
