000000 716787 2.769213
000001 86127  0.761364
000002 399039 1.604690
000003 144649 0.882730
000004 484491 1.761740
000005 218975 1.040658
000006 4379   0.214433
000007 252655 1.113875
000008 9425   0.502387
000009 231113 1.072103
000010 42277  0.594318
000011 94253  0.731627
000012 6633   0.207598
000013 107129 0.798122
000014 6445   0.220326
000015 267475 1.162920
000016 25055  0.564558
000017 4489   0.203386
000018 4947   0.196685
000019 424599 1.629662
000020 27643  0.594255
000021 200591 1.055985
000022 144877 0.898314
000023 31151  0.537190
000024 9505   0.460915
000025 89765  0.733783
000026 28833  0.558423
000027 24151  0.526852
000028 118027 0.779381
000029 50045  0.689380
000030 29587  0.559840
000031 712653 2.286348
000032 94957  0.742620
000033 131871 0.803118
000034 511581 2.068771
000035 290917 1.381497
000036 108835 0.780650
000037 10285  0.486437
000038 15349  0.486677
000039 54135  0.613836
000040 379343 1.544072
000041 40583  0.578370
000042 127239 0.816770
000043 948641 3.159489
000044 544921 2.351877
000045 7949   0.437917
000046 48463  0.709840
000047 15953  0.544976
000048 4181   0.200431
000049 243509 1.071348
000050 173643 0.934129
000051 40105  0.594863
000052 61189  0.689568
000053 293675 1.247178
000054 5955   0.190596
000055 1167231 3.370183
000056 33613  0.573260
000057 10169  0.487954
000058 316627 1.358690
000059 165887 0.930742
000060 98671  0.817505
000061 702135 2.191258
000062 5185   0.190935
000063 126825 0.808492
000064 11843  0.558811
000065 4389   0.204830
000066 22329  0.530969
000067 385761 1.446222
000068 823647 2.523489
000069 44565  0.593784
000070 65247  0.701274
000071 50033  0.705534
000072 50343  0.648531
000073 15577  0.522758
000074 10221  0.505626
000075 7879   0.422896
000076 4329   0.195657
000077 11407  0.562812
000078 23073  0.543449
000079 513327 1.727678
000080 4731   0.209681
000081 373955 1.441914
000082 147287 0.867470
000083 53835  0.619913
000084 4583   0.206851
000085 84127  0.702022
000086 24045  0.554086
000087 20117  0.527961
000088 12499  0.551564
000089 252015 1.142797
000090 5029   0.200040
000091 1052755 2.969496
000092 363563 1.410160
000093 484451 1.869386
000094 68363  0.914003
000095 6563   0.269998
000096 615339 2.109340
000097 25449  0.522928
000098 13895  0.513854
000099 634213 2.314522
000100 152245 1.243634
000101 9689   0.666529
000102 464857 1.727267
000103 80647  0.736370
000104 15643  0.551876
000105 7761   0.441438
000106 130687 0.818628
000107 35331  0.645665
000108 13793  0.522729
000109 486567 1.695990
000110 29335  0.518698
000111 226649 1.096471
000112 92575  0.741280
000113 79353  0.641664
000114 32519  0.550109
000115 64789  0.673988
000116 397761 1.504363
000117 33749  0.561409
000118 259577 1.150738
000119 7055   0.340184
000120 4085   0.187760
000121 30649  0.531665
000122 11999  0.511793
000123 91181  0.765587
000124 4433   0.204376
000125 42223  0.603699
000126 162359 0.932409
000127 477123 2.070619
000128 22405  0.521268
000129 152495 0.861694
000130 6673   0.190469
000131 19557  0.454722
000132 344117 1.468047
000133 9567   0.487196
000134 4387   0.187828
000135 1157157 3.476380
000136 11385  0.544225
000137 8787   0.481052
000138 277533 1.309603
000139 36897  0.651408
000140 27733  0.597699
000141 90951  0.738178
000142 1166125 3.228076
000143 41555  0.582650
000144 4323   0.186676
000145 12821  0.571484
000146 9921   0.487955
000147 16791  0.504496
000148 380387 1.541367
000149 26543  0.581170
000150 212783 1.047241
000151 852061 2.680717
000152 18615  0.502176
000153 107443 0.864682
000154 18745  0.495492
000155 1058481 3.016396
000156 670831 2.071228
000157 12507  0.527625
000158 4157   0.186914
000159 45415  0.590223
000160 14889  0.513265
000161 121287 0.779853
000162 17859  0.476678
000163 10355  0.523322
000164 15821  0.477593
000165 12269  0.556688
000166 131869 0.799870
000167 4839   0.192395
000168 812095 2.413465
000169 201145 1.332457
000170 43981  0.805712
000171 17185  0.638056
000172 441139 2.206606
000173 43105  0.718293
000174 48169  0.642343
000175 16877  0.511347
000176 182627 0.946569
000177 344407 1.397884
000178 46031  0.603767
000179 5463   0.222771
000180 35193  0.606086
000181 107443 0.809713
000182 83657  0.777257
000183 198413 1.091471
000184 70847  0.690841
000185 120835 0.780122
000186 403243 1.480576
000187 510813 1.787787
000188 8531   0.455398
000189 7287   0.408261
000190 178237 0.943025
000191 168963 0.936181
000192 17393  0.545392
000193 38195  0.619505
000194 15751  0.475716
000195 151159 0.828426
000196 22023  0.529310
000197 693591 2.273072
000198 25137  0.532760
000199 475571 1.635360
000200 32133  0.535431
000201 254995 1.120991
000202 382093 1.461008
000203 4323   0.192228
000204 20757  0.486968
000205 15905  0.523672
000206 259587 1.170401
000207 986617 2.994472
000208 13677  0.538934
000209 11155  0.530524
000210 153275 0.879308
000211 66881  0.713581
000212 8307   0.475262
000213 117135 0.854177
000214 169913 1.035271
000215 732911 2.388376
000216 507755 1.840262
000217 1074433 3.382783
000218 28123  0.532696
000219 18691  0.434701
000220 118073 0.793882
000221 40623  0.579992
000222 13973  0.516782
000223 76847  0.658607
000224 82183  0.653310
000225 66305  0.714245
000226 6931   0.331265
000227 7803   0.450211
000228 7303   0.377653
000229 5953   0.192676
000230 9543   0.497223
000231 4103   0.223495
000232 43885  0.586601
000233 339217 1.442398
000234 256043 1.208465
000235 207003 1.055352
000236 121059 0.814231
000237 923731 2.824424
000238 691829 2.303287
000239 237005 1.204582
000240 122949 0.807278
000241 84233  0.685017
000242 4371   0.187143
000243 320661 1.460842
000244 9389   0.472255
000245 29283  0.521224
000246 4225   0.186982
000247 628647 2.213640
000248 370105 1.533111
000249 182755 1.336341
000250 34931  0.833071
000251 288925 1.446008
000252 27467  0.541887
000253 348147 1.828963
000254 516755 2.014074
000255 497993 1.778788
000256 63979  0.711530
000257 720039 2.264166
000258 392083 1.513192
000259 46557  0.575767
000260 14511  0.526773
000261 4005   0.203246
000262 4823   0.257931
000263 5825   0.190901
000264 120361 0.843006
000265 250465 1.144475
000266 160633 0.923148
000267 49233  0.733207
000268 13147  0.578915
000269 34875  0.625004
000270 258909 1.174841
000271 332953 1.330266
000272 1095769 3.166393
000273 151927 0.835816
000274 40407  0.611651
000275 675327 2.200285
000276 115191 0.792501
000277 97629  0.797765
000278 903409 3.024706
000279 357129 1.412529
000280 190499 1.261503
000281 81399  0.943967
000282 19469  0.646823
000283 288981 1.879646
000284 655063 2.206005
000285 66061  0.694979
000286 1192889 3.540170
000287 12837  0.521150
000288 678011 2.171350
000289 861869 2.569822
000290 13673  0.495063
000291 47011  0.594244
000292 311893 1.275636
000293 52209  0.683005
000294 107957 0.795354
000295 4417   0.241793
000296 737855 2.231078
000297 240885 1.159350
000298 340827 1.514364
000299 4155   0.200963
000300 53059  0.655874
000301 778303 2.355932
000302 163981 0.960495
000303 38237  0.602767
000304 120261 0.793973
000305 262447 1.159613
000306 47845  0.588316
000307 5133   0.186441
000308 9871   0.489819
000309 298283 1.259113
000310 4069   0.193168
000311 114419 0.797149
000312 6991   0.368045
000313 5221   0.187320
000314 124303 0.787431
000315 1053429 2.921824
000316 6287   0.190552
000317 773795 2.287344
000318 242207 1.085258
000319 72397  0.649350
000320 4047   0.195206
000321 35613  0.600230
000322 5859   0.214712
000323 6385   0.229287
000324 490451 1.681352
000325 5449   0.195816
000326 13443  0.555456
000327 6649   0.186645
000328 241929 1.087274
000329 852655 2.484626
000330 199835 1.055751
000331 256185 1.155743
000332 128757 0.788749
000333 50407  0.682227
000334 9435   0.498039
000335 4179   0.194066
000336 110115 0.766235
000337 134615 0.879152
000338 553581 1.837393
000339 5775   0.191688
000340 186751 0.970565
000341 8893   0.452378
000342 45279  0.585304
000343 29423  0.540360
000344 97187  0.753321
000345 866227 2.528140
000346 34651  0.616259
000347 39695  0.617937
000348 5649   0.189414
000349 273775 1.205618
000350 17867  0.463368
000351 5385   0.192943
000352 282065 1.233950
000353 7891   0.410341
000354 53719  0.623094
000355 784805 2.325229
000356 92745  0.727996
000357 6215   0.227192
000358 30419  0.556166
000359 40687  0.618576
000360 642667 2.078963
000361 31059  0.518465
000362 299901 1.253967
000363 81997  0.684379
000364 9285   0.524502
000365 210389 1.025339
000366 90007  0.728643
000367 166927 0.918318
000368 6937   0.353899
000369 242327 1.083982
000370 1072839 3.232640
000371 9283   0.474092
000372 12415  0.525252
000373 4871   0.187846
000374 10263  0.493813
000375 29569  0.510535
000376 16631  0.456317
000377 12953  0.503899
000378 11393  0.516633
000379 132881 0.829208
000380 155513 0.937639
000381 26003  0.560897
000382 5239   0.200038
000383 78013  0.696551
000384 708033 2.363898
000385 4453   0.199641
000386 7987   0.507575
000387 299463 1.333854
000388 1033459 3.047345
000389 131877 0.795074
000390 30721  0.538361
000391 51029  0.676302
000392 11693  0.545369
000393 13729  0.489621
000394 30613  0.550028
000395 1182819 3.422078
000396 32421  0.577434
000397 60115  0.710838
000398 246167 1.211714
000399 392515 1.600568
000400 221647 1.146422
000401 121729 0.859327
000402 36373  0.695488
000403 8017   0.461893
000404 21685  0.610791
000405 19193  0.488147
000406 6577   0.207846
000407 228477 1.203399
000408 335453 1.463719
000409 4715   0.209544
000410 906293 2.986276
000411 647887 2.207800
000412 13131  0.516945
000413 250613 1.226724
000414 399067 1.620086
000415 18171  0.448132
000416 5515   0.185675
000417 605847 2.102371
000418 19175  0.445684
000419 602001 2.075149
000420 18361  0.445401
000421 79967  0.665374
000422 9275   0.491644
000423 12651  0.527468
000424 322525 1.391092
000425 10047  0.489300
000426 257307 1.199066
000427 279047 1.320079
000428 247391 1.208892
000429 559495 2.081540
000430 22805  0.729665
000431 8257   0.741189
000432 9471   0.779326
000433 10067  0.670110
000434 32051  0.750179
000435 147145 0.879581
000436 71567  0.711375
000437 53423  0.647867
000438 641917 2.161814
000439 195617 1.012085
000440 125291 0.841657
000441 6781   0.236248
000442 176353 1.030615
000443 146041 0.970145
000444 23909  0.587227
000445 137583 0.957487
000446 27401  0.539433
000447 611661 2.025459
000448 53217  0.678505
000449 178031 1.051794
000450 15541  0.580143
000451 12549  0.573990
000452 21385  0.567781
000453 56879  0.684383
000454 7943   0.531411
000455 6413   0.206923
000456 11669  0.581798
000457 230305 1.222522
000458 18055  0.479756
000459 7399   0.388566
000460 8439   0.475767
000461 284503 1.248314
000462 408649 1.617151
000463 8109   0.480454
000464 41497  0.641107
000465 55127  0.659985
000466 14921  0.549829
000467 595489 1.939927
000468 23125  0.559784
000469 5125   0.192585
000470 133353 0.836749
000471 6601   0.199818
000472 12165  0.583395
000473 34673  0.642979
000474 290971 1.292149
000475 43917  0.618781
000476 19239  0.510318
000477 103219 0.771011
000478 9023   0.468691
000479 8621   0.518153
000480 525191 1.878968
000481 9743   0.516063
000482 7763   0.433595
000483 51085  0.720485
000484 29467  0.562901
000485 452841 1.617159
000486 49755  0.676595
000487 10835  0.608122
000488 8555   0.488369
000489 4763   0.200504
000490 24147  0.556922
000491 294915 1.253195
000492 33625  0.578230
000493 31961  0.530709
000494 120935 0.788738
000495 129681 0.829690
000496 34595  0.622547
000497 1138521 3.326621
000498 48647  0.709787
000499 20781  0.557913
000500 423899 1.662707
000501 58179  0.716925
000502 16191  0.532580
000503 4669   0.212894
000504 266913 1.277098
000505 13771  0.536417
000506 342919 1.463302
000507 15069  0.550800
000508 70795  0.726181
000509 54689  0.665271
000510 247453 1.139073
000511 17265  0.478482
000512 7829   0.459062
000513 1116823 3.546562
000514 50485  0.720432
000515 390481 1.834658
000516 103693 1.063100
000517 197839 1.257058
000518 73519  0.663951
000519 18255  0.444262
000520 56169  0.602450
000521 19401  0.446472
000522 6109   0.188738
000523 706457 2.327373
000524 469473 1.726078
000525 74595  0.667887
000526 107769 0.792491
000527 255685 1.214158
000528 46817  0.579875
000529 45157  0.587506
000530 85365  0.711416
000531 37985  0.602527
000532 5125   0.186732
000533 127443 0.806674
000534 9849   0.487461
000535 265063 1.254389
000536 27059  0.513988
000537 8489   0.456709
000538 22615  0.506124
000539 262531 1.253166
000540 974357 2.978788
000541 146753 0.863035
000542 148571 0.879593
000543 13413  0.507195
000544 29201  0.515154
000545 265571 1.529150
000546 755143 2.272396
000547 160279 0.905983
000548 4389   0.215767
000549 38971  0.645506
000550 10885  0.531006
000551 39075  0.646270
000552 7017   0.333903
000553 72165  0.701919
000554 335929 1.319740
000555 105395 0.753869
000556 1048697 3.004405
000557 5493   0.190970
000558 271911 1.250641
000559 410841 1.662183
000560 21221  0.577588
000561 7145   0.353394
000562 11147  0.624832
000563 380489 1.448554
000564 328391 1.327485
000565 278451 1.312375
000566 233219 1.203345
000567 118767 0.783812
000568 5115   0.191789
000569 108969 0.868862
000570 118841 0.860452
000571 5913   0.214612
000572 20501  0.532706
000573 5517   0.207359
000574 760231 2.421289
000575 446637 1.732819
000576 122595 0.949256
000577 219071 1.090163
000578 58785  0.750293
000579 510767 1.852050
000580 336371 1.460640
000581 4709   0.199405
000582 972661 2.806521
000583 117287 0.832104
000584 4755   0.192850
000585 8593   0.443966
000586 17297  0.466035
000587 523571 1.763169
000588 15419  0.537000
000589 754421 2.325646
000590 402989 1.531739
000591 233019 1.116235
000592 727333 2.263986
000593 51743  0.646561
000594 18227  0.480112
000595 115757 0.835457
000596 299385 1.287686
000597 328129 1.344340
000598 247035 1.086182
000599 570115 1.891696
000600 500011 1.781127
000601 10383  0.505634
000602 74635  0.712307
000603 40509  0.628947
000604 30641  0.573284
000605 298187 1.270981
000606 22383  0.538132
000607 157737 0.979941
000608 875769 2.632275
000609 225229 1.098016
000610 46583  0.619432
000611 23145  0.512811
000612 350379 1.372696
000613 234105 1.089024
000614 24017  0.530249
000615 568863 1.871428
000616 62189  0.671807
000617 4997   0.199119
000618 12753  0.522465
000619 424667 1.547879
000620 4777   0.190915
000621 186035 0.961626
000622 34525  0.585952
000623 12071  0.546102
000624 371189 1.414888
000625 1169133 3.199337
000626 855067 2.517886
000627 90859  0.731452
000628 7481   0.404358
000629 309941 1.254529
000630 10945  0.513476
000631 10187  0.470502
000632 7823   0.430270
000633 89847  0.716162
000634 687781 2.102169
000635 190007 0.992958
000636 74967  0.652807
000637 27927  0.544455
000638 528687 1.789272
000639 239117 1.059339
000640 4979   0.191605
000641 98757  0.766315
000642 20015  0.461954
000643 452943 1.599618
000644 167313 0.905889
000645 40931  0.576678
000646 4225   0.187456
000647 23603  0.534042
000648 42593  0.594628
000649 143859 0.895078
000650 22575  0.526733
000651 51229  0.713853
000652 127581 0.790745
000653 828331 2.475174
000654 96201  0.739972
000655 5347   0.229287
000656 65577  0.668344
000657 6293   0.194979
000658 56941  0.636343
000659 375951 1.417581
000660 189517 0.968747
000661 13929  0.546270
000662 33163  0.553478
000663 13463  0.496323
000664 18837  0.435526
000665 260735 1.117127
000666 71611  0.657245
000667 74507  0.674836
000668 91773  0.769366
000669 746391 2.212082
000670 10937  0.527384
000671 4713   0.228517
000672 230239 1.062014
000673 22807  0.524313
000674 520681 1.734690
000675 430285 1.556685
000676 80321  0.632562
000677 6025   0.192697
000678 32261  0.544279
000679 389283 1.465466
000680 10221  0.499071
000681 683431 2.129406
000682 65225  0.698321
000683 6261   0.193899
000684 53853  0.672219
000685 12289  0.553259
000686 193213 1.019435
000687 448039 1.676008
000688 6289   0.196375
000689 27871  0.578164
000690 10853  0.549525
000691 782487 2.344866
000692 504557 1.758553
000693 245355 1.114984
000694 30903  0.517717
000695 33649  0.585902
000696 215435 1.001555
000697 194975 1.136725
000698 17491  0.539477
000699 281897 1.308666
000700 604805 1.945510
000701 83037  0.659670
000702 106319 0.772007
000703 100873 0.807857
000704 22359  0.584328
000705 481311 1.726401
000706 48697  0.628396
000707 831025 2.462755
000708 121075 0.883436
000709 10891  0.610688
000710 6469   0.225073
000711 10085  0.546951
000712 75245  0.746575
000713 10495  0.553597
000714 7959   0.506848
000715 24707  0.602339
000716 1050869 3.259677
000717 21425  0.514912
000718 376217 1.586457
000719 375477 1.595959
000720 17663  0.452245
000721 355131 1.577466
000722 144863 1.102034
000723 11259  0.648015
000724 18439  0.535821
000725 529003 2.081523
000726 4937   0.236986
000727 975585 3.161085
000728 896695 2.762079
000729 170807 0.992032
000730 4561   0.192502
000731 4181   0.200909
000732 616851 1.984304
000733 14331  0.560673
000734 12379  0.578157
000735 712995 2.269435
000736 114897 0.841406
000737 56747  0.667912
000738 44365  0.601172
000739 1127135 3.272871
000740 490699 1.877281
000741 316667 1.446327
000742 915267 2.732336
000743 38389  0.595353
000744 1083675 3.084424
000745 26079  0.527973
000746 12491  0.568810
000747 284925 1.297864
000748 40303  0.629581
000749 66229  0.723218
000750 221683 1.050653
000751 798951 2.419208
000752 19705  0.453184
000753 16929  0.471144
000754 810373 2.442878
000755 4849   0.207259
000756 121233 0.799931
000757 585993 1.919716
000758 111489 0.773296
000759 41913  0.578365
000760 9169   0.457738
000761 975237 3.058221
000762 365393 1.514285
000763 5367   0.196758
000764 56101  0.602235
000765 51069  0.641328
000766 140293 0.910117
000767 14323  0.521748
000768 828477 2.780358
000769 696973 2.160726
000770 608841 1.938485
000771 5309   0.191373
000772 26149  0.556082
000773 32403  0.560102
000774 25101  0.540178
000775 1090043 3.112892
000776 26741  0.508433
000777 20177  0.483769
000778 547469 1.803014
000779 75673  0.655703
000780 197679 1.047274
000781 892377 2.644916
000782 11491  0.540336
000783 92999  0.742782
000784 24155  0.551190
000785 696849 2.141724
000786 4307   0.213374
000787 9675   0.550284
000788 586413 1.905121
000789 91997  0.721328
000790 14079  0.546275
000791 54741  0.588955
000792 144339 0.931266
000793 55781  0.612771
000794 27045  0.516362
000795 45043  0.576427
000796 334571 1.372387
000797 900223 2.600289
000798 524951 1.797192
000799 22287  0.520528
000800 81817  0.649303
000801 20347  0.473878
000802 192343 1.026791
000803 7551   0.395444
000804 997635 3.237306
000805 285913 1.260460
000806 311425 1.306302
000807 57001  0.614024
000808 201957 0.992063
000809 6959   0.343153
000810 19687  0.504902
000811 4819   0.204399
000812 337835 1.467607
000813 4017   0.207120
000814 13125  0.574324
000815 611135 2.044439
000816 535511 1.891111
000817 138587 0.879181
000818 455761 1.680831
000819 5157   0.236959
000820 8927   0.486614
000821 332889 1.400019
000822 284441 1.250157
000823 507071 1.733102
000824 6651   0.190197
000825 176621 0.962609
000826 294117 1.246409
000827 290367 1.248265
000828 1076383 3.065788
000829 9007   0.476962
000830 48739  0.681733
000831 28927  0.564352
000832 205327 1.025014
000833 35237  0.655958
000834 896137 2.696562
000835 652119 2.071613
000836 42623  0.575300
000837 773405 2.676140
000838 47473  0.824553
000839 142603 1.221426
000840 625427 2.084832
000841 24927  0.553857
000842 43747  0.595561
000843 36329  0.616752
000844 7211   0.336430
000845 326257 1.393377
000846 67321  0.728242
000847 51937  0.683463
000848 978463 2.883759
000849 838713 2.503613
000850 26725  0.514013
000851 230391 1.097942
000852 8023   0.440608
000853 267257 1.178761
000854 344443 1.338451
000855 31383  0.516808
000856 27951  0.561089
000857 7505   0.377615
000858 927187 2.763255
000859 4329   0.191499
000860 34467  0.613253
000861 429111 1.627476
000862 8993   0.565773
000863 236575 1.182023
000864 63103  0.707795
000865 10141  0.548072
000866 124359 0.832220
000867 33935  0.624134
000868 8633   0.451060
000869 17717  0.492070
000870 116741 0.787778
000871 150695 0.845191
000872 746617 2.250213
000873 23885  0.546787
000874 68669  0.670521
000875 67879  0.666112
000876 1073547 3.009997
000877 72979  0.674591
000878 180363 0.978793
000879 166487 0.902911
000880 27859  0.532718
000881 901273 2.610883
000882 181333 0.954471
000883 100757 0.755511
000884 11307  0.556027
000885 223509 1.061881
000886 7919   0.416214
000887 1146031 3.214159
000888 5945   0.191758
000889 85525  0.701795
000890 16417  0.498508
000891 674869 2.142408
000892 57965  0.651617
000893 79923  0.661937
000894 273821 1.232783
000895 143881 0.950737
000896 8115   0.484412
000897 36665  0.644538
000898 24173  0.552972
000899 261663 1.213828
000900 49953  0.682241
000901 1039965 2.974903
000902 69511  0.698465
000903 81695  0.676700
000904 883285 2.861913
000905 433065 1.701576
000906 4119   0.197621
000907 24877  0.539977
000908 22727  0.511814
000909 43515  0.565070
000910 38905  0.603830
000911 11155  0.498252
000912 24079  0.533120
000913 24527  0.520569
000914 426713 1.957393
000915 886017 2.550582
000916 55903  0.643114
000917 142533 0.903012
000918 222775 1.060312
000919 139565 0.903772
000920 218209 1.024124
000921 15649  0.490958
000922 15801  0.485096
000923 73141  0.672345
000924 6229   0.202280
000925 7951   0.468243
000926 17405  0.497616
000927 4139   0.208988
000928 53763  0.626751
000929 104211 0.764200
000930 242671 1.090814
000931 52387  0.667208
000932 960433 2.778272
000933 15925  0.505306
000934 86209  0.749899
000935 25921  0.578566
000936 29993  0.573634
000937 192221 1.030756
000938 86249  0.696286
000939 4559   0.191051
000940 32743  0.562288
000941 7567   0.370160
000942 4933   0.186094
000943 144803 0.959214
000944 192201 1.051972
000945 4717   0.214967
000946 13939  0.586627
000947 14607  0.552201
000948 57865  0.714318
000949 33109  0.629255
000950 669333 2.259070
000951 4469   0.212352
000952 1066423 3.056445
000953 24225  0.571187
000954 17801  0.504522
000955 82935  0.698354
000956 35899  0.625561
000957 304625 1.271961
000958 789685 2.400833
000959 19435  0.465089
000960 832343 2.501559
000961 24307  0.532028
000962 89241  0.714089
000963 24823  0.543246
000964 44713  0.590030
000965 91775  0.730776
000966 357739 1.425755
000967 4353   0.232024
000968 816445 2.634068
000969 23757  0.572463
000970 359551 1.490056
000971 239025 1.179902
000972 12349  0.639566
000973 117899 0.866199
000974 19081  0.495729
000975 161045 0.995914
000976 14947  0.546464
000977 49363  0.735227
000978 25749  0.597499
000979 167311 1.004052
000980 64447  0.791177
000981 53289  0.720261
000982 33713  0.633821
000983 16889  0.516786
000984 13603  0.569286
000985 16517  0.581340
000986 490393 1.942630
000987 4203   0.192719
000988 245161 1.126154
000989 234005 1.177248
000990 9135   0.492720
000991 1052833 3.072158
000992 7241   0.400911
000993 8727   0.461327
000994 360485 1.444815
000995 11339  0.514066
000996 14789  0.503482
000997 74523  0.674342
000998 607659 2.053130
000999 11013  0.509035
