000000 122617 3.739310
000001 7315   1.584689
000002 290365 4.560701
000003 20738  1.459784
000004 104    0.644231
000005 249223 4.229854
000006 120033 3.423134
000007 699    0.453505
000008 13621  1.035754
000009 48     0.500000
000010 63     0.492063
000011 34143  1.264827
000012 990    0.414141
000013 4060   0.653202
000014 103977 2.388124
000015 40068  1.571703
000016 30     0.466667
000017 66     1.000000
000018 152566 2.858763
000019 516    1.575581
000020 2848   0.374298
000021 1316   1.004559
000022 29     0.517241
000023 85     0.458824
000024 8445   0.879455
000025 137    0.562044
000026 501    0.504990
000027 62     0.774194
000028 49321  2.613045
000029 8945   0.918726
000030 56287  2.457655
000031 43479  2.476805
000032 1073   1.012116
000033 216    0.629630
000034 9329   0.933005
000035 59     0.491525
000036 5972   0.706129
000037 627    0.468900
000038 163592 2.682784
000039 148051 3.074022
000040 56     0.767857
000041 171233 2.996227
000042 115    0.721739
000043 9861   1.109117
000044 131    0.572519
000045 34097  1.301288
000046 41     0.414634
000047 564    0.437943
000048 7889   0.918367
000049 2371   0.439899
000050 2670   1.541573
000051 37345  1.420806
000052 331    0.425982
000053 23     0.652174
000054 257    0.463035
000055 32509  1.827771
000056 379    0.430079
000057 2430   0.393416
000058 21009  1.135656
000059 157    0.681529
000060 31881  1.331263
000061 29875  1.826142
000062 115556 3.878656
000063 116    0.568966
000064 245341 4.085497
000065 298    0.479866
000066 3667   0.882738
000067 33551  1.383327
000068 28286  1.360249
000069 17601  1.087779
000070 10797  0.918125
000071 7742   0.877034
000072 96     0.583333
000073 29     0.482759
000074 174    0.408046
000075 20     0.500000
000076 2730   0.379487
000077 255    0.988235
000078 45     0.466667
000079 130    0.553846
000080 651    0.439324
000081 44     0.500000
000082 40407  1.449452
000083 346    0.520231
000084 2121   0.369637
000085 143892 2.739291
000086 289    0.429066
000087 111    0.432432
000088 36188  1.301730
000089 8027   1.032515
000090 28985  1.998413
000091 15     0.600000
000092 1780   1.046629
000093 1951   0.397232
000094 154    0.642857
000095 161    0.422360
000096 2292   0.372164
000097 17     0.529412
000098 2364   0.886633
000099 13308  1.013075
000100 159078 2.670206
000101 171500 3.732128
000102 114305 3.752163
000103 53100  1.474614
000104 13647  1.142889
000105 52     0.423077
000106 1258   0.375199
000107 1711   0.486850
000108 168146 2.744888
000109 84679  2.261092
000110 93     0.505376
000111 8546   0.787620
000112 2760   0.640217
000113 27     0.481481
000114 108210 2.078496
000115 132424 3.278968
000116 8865   0.964918
000117 628    0.433121
000118 28883  1.362532
000119 3417   0.382499
000120 446    1.349776
000121 1509   0.375746
000122 126006 2.703816
000123 104    0.548077
000124 194    0.427835
000125 56120  1.544405
000126 16     0.562500
000127 59     0.694915
000128 20584  2.362563
000129 776    0.426546
000130 41905  1.367593
000131 104    0.557692
000132 24     0.500000
000133 7115   0.918060
000134 23     0.521739
000135 15757  1.051469
000136 30796  2.048253
000137 6959   0.911338
000138 283393 3.942613
000139 94647  3.479244
000140 65373  1.560415
000141 50182  1.845901
000142 40     0.450000
000143 45872  2.685930
000144 139    0.762590
000145 58     0.465517
000146 7229   0.954489
000147 61390  2.805929
000148 103    0.708738
000149 44     0.477273
000150 119827 2.968446
000151 4331   0.794967
000152 15187  1.127609
000153 17     0.529412
000154 55011  2.865790
000155 821    0.449452
000156 78     0.461538
000157 35314  1.391261
000158 3803   0.861425
000159 210588 3.366759
000160 408    0.536765
000161 88     1.136364
000162 143    3.923077
000163 176    0.562500
000164 27     0.555556
000165 1064   0.372180
000166 1671   0.371634
000167 10837  2.015226
000168 80068  3.364902
000169 161    0.863354
000170 70043  2.650700
000171 1412   0.398017
000172 47996  2.643824
000173 40651  1.357900
000174 277059 3.830754
000175 64067  1.641563
000176 182613 2.799932
000177 86     0.593023
000178 61395  1.606010
000179 7992   1.020521
000180 60     1.000000
000181 105    0.476190
000182 472    0.529661
000183 41558  2.603735
000184 247360 3.726969
000185 8854   1.127287
000186 47221  1.553419
000187 71     0.464789
000188 184895 3.380995
000189 1625   0.614154
000190 70     0.871429
000191 34927  1.398173
000192 254315 4.064746
000193 8116   1.046082
000194 1064   0.423872
000195 26     0.538462
000196 5764   0.870402
000197 1927   0.385573
000198 3352   0.687649
000199 16     0.562500
000200 66020  1.675447
000201 37361  2.194053
000202 24     1.125000
000203 28104  1.321805
000204 189    0.444444
000205 127    0.779528
000206 338    0.609467
000207 19412  1.255821
000208 1000   0.743000
000209 2689   0.394199
000210 22634  2.128391
000211 4433   0.920596
000212 6819   0.885467
000213 26435  1.935048
000214 3735   1.185542
000215 176675 2.806039
000216 924    0.453463
000217 151    0.953642
000218 5069   0.797790
000219 1174   0.419080
000220 1179   0.766751
000221 375    0.429333
000222 50142  1.432352
000223 48648  2.396686
000224 596    0.476510
000225 62151  2.279368
000226 55856  2.071111
000227 4650   1.329247
000228 6996   0.907376
000229 35     0.485714
000230 68     0.455882
000231 376    0.414894
000232 117831 2.499113
000233 4273   0.618769
000234 31464  1.401443
000235 11727  2.794577
000236 34665  1.460205
000237 289    0.439446
000238 1394   1.333572
000239 125    0.664000
000240 294    0.418367
000241 5924   0.864450
000242 206338 3.454482
000243 290    0.437931
000244 643    1.062208
000245 88     0.806818
000246 711    0.500703
000247 168052 3.357372
000248 4405   1.669921
000249 38     0.473684
000250 57     1.000000
000251 59901  2.985943
000252 89     0.786517
000253 10749  0.895060
000254 80     1.025000
000255 423    1.115839
000256 105    0.647619
000257 679    0.480118
000258 126    0.611111
000259 1407   0.451315
000260 736    0.470109
000261 1309   0.411001
000262 29     1.034483
000263 60119  2.499426
000264 121    1.033058
000265 88     0.500000
000266 1130   0.906195
000267 20     0.550000
000268 1572   0.370229
000269 177816 3.153288
000270 221    0.488688
000271 135402 4.067739
000272 39     0.641026
000273 230983 3.668486
000274 27     0.518519
000275 224    0.526786
000276 31019  1.336890
000277 299798 4.330272
000278 435    0.503448
000279 61249  1.964489
000280 40     0.850000
000281 156381 3.189729
000282 107505 2.918181
000283 274023 4.081267
000284 1772   0.397856
000285 185996 5.211779
000286 167314 3.249172
000287 160    0.625000
000288 279    0.444444
000289 141    0.460993
000290 185654 3.959807
000291 678    0.556047
000292 9610   1.077523
000293 90976  3.246801
000294 120    0.566667
000295 1961   0.970933
000296 45156  1.293981
000297 5084   0.952793
000298 60880  1.917493
000299 105    0.771429
000300 180282 3.273688
000301 15502  1.082118
000302 3592   0.837973
000303 2426   0.569662
000304 763    0.431193
000305 42     0.833333
000306 30     0.500000
000307 39250  1.368025
000308 6658   1.004506
000309 12086  1.011253
000310 19170  2.611581
000311 114    0.684211
000312 1017   0.401180
000313 73     0.630137
000314 253    0.992095
000315 76     0.763158
000316 74303  1.918065
000317 551    0.421053
000318 27231  1.337740
000319 131    0.648855
000320 47     0.468085
000321 114    0.456140
000322 25671  1.409957
000323 221286 3.453467
000324 6434   0.882810
000325 4956   1.144471
000326 172377 3.863010
000327 5154   0.657354
000328 4890   0.977096
000329 1492   0.382708
000330 71739  1.624347
000331 102    0.637255
000332 2665   0.522702
000333 13610  2.559368
000334 284828 3.905592
000335 31     0.483871
000336 774    0.481912
000337 786    0.454198
000338 242    0.557851
000339 254    0.484252
000340 890    0.410112
000341 189275 4.133504
000342 70     0.400000
000343 19     0.526316
000344 157298 3.879795
000345 150345 2.937883
000346 10508  1.021032
000347 7844   1.053162
000348 35514  1.272878
000349 47508  1.964364
000350 15     0.600000
000351 168    0.458333
000352 73     0.493151
000353 1632   0.568015
000354 59138  2.259698
000355 22078  2.114095
000356 603    1.149254
000357 364    0.423077
000358 150800 2.504516
000359 20     0.600000
000360 230823 4.062247
000361 48     0.479167
000362 86     0.453488
000363 486    1.220165
000364 3781   0.714626
000365 36038  1.511266
000366 389    0.493573
000367 21     0.571429
000368 73     0.479452
000369 15     0.600000
000370 35401  1.408407
000371 772    0.488342
000372 17845  1.301877
000373 2359   0.771513
000374 56496  1.555561
000375 12906  0.999225
000376 91297  2.262692
000377 10662  0.925249
000378 4567   0.739435
000379 2061   0.461426
000380 4352   0.601792
000381 3631   0.576425
000382 130    0.569231
000383 97538  2.625510
000384 128506 3.280882
000385 7884   0.952689
000386 1981   0.631499
000387 24601  1.254421
000388 45     0.844444
000389 11682  0.784540
000390 65     1.476923
000391 3907   0.964167
000392 584    0.517123
000393 63504  2.353490
000394 84     0.595238
000395 97004  2.046493
000396 1147   0.755013
000397 6171   1.013126
000398 3650   0.686301
000399 225    0.493333
000400 213276 3.674159
000401 37824  1.438663
000402 20     0.500000
000403 400    1.382500
000404 172    0.703488
000405 203    0.443350
000406 11942  1.203316
000407 2013   0.962742
000408 140    0.642857
000409 59997  1.577996
000410 171    0.660819
000411 124    0.451613
000412 250571 3.528353
000413 213    0.577465
000414 339    0.436578
000415 14247  1.379308
000416 4866   0.763461
000417 5808   1.090393
000418 6795   0.990876
000419 73243  2.999863
000420 57602  2.575483
000421 2446   0.878986
000422 498    0.413655
000423 2068   0.775145
000424 65481  2.483270
000425 244993 3.518284
000426 144    0.652778
000427 60     0.500000
000428 92981  1.932943
000429 233    0.502146
000430 178968 2.852594
000431 16928  1.220640
000432 1449   0.389924
000433 2084   0.813820
000434 136783 2.783233
000435 555    0.473874
000436 18     1.333333
000437 102    0.607843
000438 11618  0.913066
000439 49048  2.704004
000440 23505  1.039183
000441 3707   1.270569
000442 386    0.476684
000443 2219   0.765660
000444 1575   0.431746
000445 2906   0.959050
000446 966    0.421325
000447 21887  2.351670
000448 639    0.508607
000449 455    0.494505
000450 19514  1.121349
000451 14978  1.046001
000452 5750   0.848000
000453 47     0.446809
000454 11498  1.109062
000455 66538  1.663561
000456 162018 2.916423
000457 754    0.489390
000458 52407  2.975957
000459 260    0.546154
000460 925    0.406486
000461 21400  1.123645
000462 135    0.807407
000463 48     0.812500
000464 4783   0.827305
000465 41     0.804878
000466 291    0.432990
000467 428    0.584112
000468 195312 3.096138
000469 68     0.470588
000470 88     6.750000
000471 188    0.680851
000472 154    0.448052
000473 62565  2.798929
000474 567    0.516755
000475 4813   0.847081
000476 25581  1.277120
000477 3448   1.153422
000478 26     0.538462
000479 714    0.501401
000480 32     0.500000
000481 31     0.516129
000482 1675   0.387463
000483 786    0.554707
000484 5223   1.067011
000485 1667   1.131974
000486 517    0.533849
000487 792    0.421717
000488 147612 2.426341
000489 205    0.673171
000490 113    0.716814
000491 12831  1.777570
000492 200239 3.363785
000493 55     0.472727
000494 616    0.504870
000495 106    0.849057
000496 3549   1.010425
000497 130    0.769231
000498 62742  1.530123
000499 30303  1.308583
000500 70     0.428571
000501 21023  2.204776
000502 76612  2.017399
000503 11084  0.908246
000504 248    0.475806
000505 36644  1.463514
000506 2014   0.991063
000507 5138   1.154924
000508 60     0.800000
000509 240    0.491667
000510 55666  2.129253
000511 12294  1.311371
000512 76018  2.246152
000513 121375 2.977063
000514 214849 4.000335
000515 1972   0.372211
000516 7811   0.946486
000517 383    0.822454
000518 36631  1.440501
000519 159885 3.298990
000520 25429  1.269849
000521 112745 2.383627
000522 34987  1.415554
000523 151532 2.835428
000524 38893  1.724732
000525 40539  2.775303
000526 16     0.562500
000527 674    0.470326
000528 27235  1.147751
000529 507    0.483235
000530 2050   0.912195
000531 26915  1.211035
000532 1340   0.729104
000533 16660  1.326711
000534 217501 3.273341
000535 47481  1.530044
000536 6935   1.106849
000537 8329   1.137592
000538 1400   0.493571
000539 2465   0.774848
000540 2864   1.134427
000541 19     0.526316
000542 2458   0.780309
000543 51     0.764706
000544 38     0.921053
000545 21     0.571429
000546 111    0.459459
000547 49     0.510204
000548 1490   0.384564
000549 62     0.935484
000550 33     0.515152
000551 271    0.439114
000552 5111   0.952651
000553 138    0.543478
000554 14184  1.170333
000555 275    0.490909
000556 147    0.448980
000557 2205   0.435374
000558 185073 2.865821
000559 685    0.532847
000560 1495   0.983278
000561 1817   0.370941
000562 63     0.698413
000563 9573   0.941607
000564 107082 3.811565
000565 84     0.416667
000566 75     0.466667
000567 17     1.529412
000568 2528   0.918513
000569 71     0.408451
000570 139277 3.256740
000571 229    0.637555
000572 230    0.439130
000573 1105   0.577376
000574 10236  1.101016
000575 4165   1.047299
000576 170    0.729412
000577 491    0.509165
000578 94141  2.998290
000579 9002   0.659187
000580 26     0.461538
000581 447    0.550336
000582 535    0.517757
000583 151    0.582781
000584 147    0.442177
000585 110282 2.423288
000586 277628 4.145659
000587 50857  1.488605
000588 17     0.588235
000589 480    0.510417
000590 12381  0.974315
000591 17447  3.255287
000592 172671 2.716142
000593 23293  1.306015
000594 102    0.725490
000595 263    0.433460
000596 31623  1.344623
000597 271058 3.659154
000598 261    0.536398
000599 515    0.535922
000600 1032   1.093023
000601 76     0.750000
000602 184803 3.392862
000603 32959  1.368003
000604 76     0.644737
000605 16060  1.093649
000606 20     0.550000
000607 16723  1.152784
000608 233293 3.478107
000609 570    0.521053
000610 166923 3.886786
000611 23335  1.331348
000612 161    0.521739
000613 3030   0.560066
000614 37354  1.419714
000615 15251  1.252049
000616 979    0.413687
000617 708    0.426554
000618 92369  2.185950
000619 2639   0.610837
000620 16435  1.152419
000621 189    0.576720
000622 43461  1.853225
000623 67     1.223881
000624 1125   0.385778
000625 1731   1.093588
000626 118    0.533898
000627 36     0.500000
000628 116668 2.240872
000629 14320  1.082961
000630 1640   0.372561
000631 290666 4.094197
000632 30998  1.315214
000633 20020  1.336214
000634 569    0.834798
000635 4929   1.085819
000636 2732   1.140190
000637 40612  2.550355
000638 13862  1.117732
000639 167    0.604790
000640 144290 2.685737
000641 23922  1.264359
000642 2063   0.596219
000643 26551  1.327031
000644 101665 2.355727
000645 92721  3.134198
000646 1748   0.608696
000647 22898  1.264958
000648 359    0.406685
000649 23     0.521739
000650 56167  2.263019
000651 146104 2.635896
000652 4774   0.853582
000653 53     0.415094
000654 67     0.432836
000655 2995   0.508514
000656 16596  1.145577
000657 49752  1.492885
000658 73147  1.802794
000659 3364   0.730678
000660 271    0.472325
000661 58957  2.042675
000662 227971 3.313202
000663 504    0.446429
000664 270283 4.601488
000665 210    0.776190
000666 573    0.549738
000667 204    0.436275
000668 40     0.475000
000669 159159 3.626763
000670 45     0.422222
000671 563    0.470693
000672 2956   0.963802
000673 2237   0.706303
000674 7394   1.043278
000675 31     0.516129
000676 23     0.565217
000677 559    0.495528
000678 50     0.760000
000679 4434   0.990077
000680 4785   0.684639
000681 34     0.441176
000682 234    0.423077
000683 316    0.433544
000684 5497   0.968346
000685 33     0.515152
000686 51     0.784314
000687 4095   0.549451
000688 268556 4.020108
000689 33     0.454545
000690 222    0.576577
000691 16076  1.132496
000692 30     0.500000
000693 28736  1.362855
000694 343    0.416910
000695 23     0.521739
000696 117    0.427350
000697 12222  1.224513
000698 1703   1.107457
000699 20610  1.253227
000700 11025  1.167256
000701 241493 3.444692
000702 489    0.435583
000703 1433   0.448709
000704 10227  2.008996
000705 506    1.749012
000706 17     0.529412
000707 96     0.822917
000708 127    0.433071
000709 94     0.436170
000710 79433  3.554253
000711 368    0.461957
000712 38     0.473684
000713 30     0.500000
000714 165    0.430303
000715 1643   0.374924
000716 195    0.594872
000717 968    0.860537
000718 4549   0.957573
000719 15     0.533333
000720 676    0.434911
000721 9202   1.020104
000722 5715   0.800350
000723 23     0.521739
000724 6278   1.162791
000725 87340  2.256675
000726 644    0.462733
000727 251    0.478088
000728 1170   0.370940
000729 75     0.626667
000730 43     0.488372
000731 31984  2.687437
000732 1645   0.414590
000733 69     1.000000
000734 80583  1.725451
000735 289    1.020761
000736 8550   0.840351
000737 61     0.704918
000738 89     0.460674
000739 71     0.478873
000740 90896  2.368267
000741 385    1.332468
000742 404    0.430693
000743 62139  2.448961
000744 38     0.421053
000745 19399  1.121914
000746 6844   0.728667
000747 63473  2.273108
000748 1488   0.393817
000749 29523  1.380246
000750 151    0.417219
000751 287052 3.886557
000752 38159  1.395267
000753 228    0.627193
000754 231    0.463203
000755 47     0.510638
000756 17     0.588235
000757 1328   0.435241
000758 114    0.622807
000759 343    0.571429
000760 17     0.529412
000761 10787  1.128210
000762 734    0.434605
000763 1022   0.417808
000764 50     0.440000
000765 37470  1.432346
000766 161746 2.803599
000767 2067   1.021287
000768 27788  1.156578
000769 6888   1.123548
000770 23     0.521739
000771 19552  2.684278
000772 373    0.455764
000773 804    1.422886
000774 48233  1.533618
000775 78693  2.241267
000776 226    0.703540
000777 27     0.555556
000778 76851  3.219594
000779 185    0.708108
000780 114407 3.066438
000781 69469  2.358117
000782 4932   0.957015
000783 917    0.494002
000784 30354  1.221355
000785 19     0.526316
000786 456    0.418860
000787 53     0.452830
000788 9458   1.130366
000789 52     0.442308
000790 7228   1.074986
000791 880    0.489773
000792 90     0.588889
000793 59     0.457627
000794 230    0.465217
000795 3278   1.001220
000796 150609 3.592700
000797 538    0.552045
000798 189773 3.573132
000799 9348   1.108686
000800 16972  1.191963
000801 1357   0.532793
000802 8361   1.059323
000803 205803 3.506373
000804 559    0.524150
000805 255    0.443137
000806 23     0.565217
000807 262    0.435115
000808 134    0.537313
000809 90444  2.596999
000810 73303  1.812150
000811 298926 4.717653
000812 12385  1.184174
000813 281525 4.378371
000814 352    0.454545
000815 139    0.446043
000816 4256   1.118186
000817 64     0.687500
000818 4410   0.836961
000819 38     0.500000
000820 1438   1.190542
000821 1200   0.409167
000822 19465  1.182687
000823 2001   0.381809
000824 4212   0.663105
000825 8975   0.733148
000826 4694   0.823818
000827 617    0.494327
000828 5579   0.876501
000829 332    0.412651
000830 4591   0.719669
000831 26327  1.204315
000832 45688  2.681098
000833 15     0.533333
000834 522    0.511494
000835 6050   0.944132
000836 2586   0.374323
000837 541    0.489834
000838 16064  1.002117
000839 223671 3.301349
000840 74233  1.715544
000841 23834  2.529244
000842 68123  2.316413
000843 6680   0.866467
000844 758    0.489446
000845 825    0.728485
000846 68685  2.656228
000847 98009  2.432470
000848 1598   0.394243
000849 116281 2.534111
000850 29     0.482759
000851 68885  1.619801
000852 525    0.493333
000853 1757   8.692089
000854 20     1.300000
000855 42     0.666667
000856 431    0.491879
000857 23911  1.179624
000858 160    0.600000
000859 55     0.454545
000860 3797   0.876481
000861 2299   0.576773
000862 657    0.441400
000863 1174   0.537479
000864 20     1.100000
000865 12980  0.909014
000866 42     0.452381
000867 26293  1.748983
000868 3728   0.622049
000869 24     0.541667
000870 208    0.500000
000871 39     0.538462
000872 164865 2.960786
000873 443    0.460497
000874 101    0.613861
000875 2546   0.372742
000876 8767   1.060910
000877 90     0.844444
000878 2091   0.792922
000879 890    0.439326
000880 36     0.472222
000881 187    0.438503
000882 118612 3.257815
000883 29     0.482759
000884 230449 3.608699
000885 23     0.521739
000886 2437   0.997948
000887 1842   0.375136
000888 387    0.467700
000889 56     1.232143
000890 3661   0.628244
000891 914    0.410284
000892 75242  3.207397
000893 11252  1.126644
000894 68     0.794118
000895 102743 2.681088
000896 1480   0.380405
000897 72     0.402778
000898 33741  1.370143
000899 6643   0.823273
000900 78     0.628205
000901 127185 2.602516
000902 4028   1.206058
000903 1335   0.400749
000904 23     0.478261
000905 79     0.620253
000906 45     0.422222
000907 41442  1.421698
000908 922    0.982646
000909 22     1.136364
000910 186380 3.176543
000911 78257  1.708601
000912 275983 3.756445
000913 74     0.418919
000914 16369  1.078380
000915 2969   0.769283
000916 12330  0.820843
000917 38978  1.705244
000918 184607 3.154485
000919 44663  1.503347
000920 101866 2.796723
000921 100    0.720000
000922 10245  1.053197
000923 21158  1.292939
000924 2808   1.143519
000925 172    0.447674
000926 190    0.436842
000927 482    0.481328
000928 2251   1.182141
000929 232423 3.321027
000930 1076   0.437732
000931 4093   0.660640
000932 845    0.508876
000933 39670  1.404663
000934 129842 2.814944
000935 92623  3.436630
000936 226    0.557522
000937 28     0.500000
000938 199908 3.513841
000939 195    0.584615
000940 13013  1.078767
000941 9546   1.326734
000942 85894  3.214881
000943 249309 3.887036
000944 199    0.788945
000945 133    0.466165
000946 295    0.444068
000947 2447   0.724561
000948 296    0.466216
000949 1784   0.402466
000950 259618 5.734772
000951 38     0.473684
000952 2808   0.386040
000953 118964 3.815322
000954 7649   1.020918
000955 2823   1.364860
000956 11875  1.202863
000957 1349   1.018532
000958 46846  1.496969
000959 2200   0.631818
000960 12468  1.976901
000961 2313   0.397319
000962 1161   0.968131
000963 152678 2.568903
000964 1634   0.381273
000965 3958   0.552552
000966 18     0.555556
000967 96     0.989583
000968 61019  1.624265
000969 194110 3.016779
000970 4866   0.833539
000971 42     0.928571
000972 570    0.543860
000973 568    0.531690
000974 34652  1.346300
000975 1141   0.897458
000976 669    0.421525
000977 8894   0.982235
000978 30     1.566667
000979 10030  3.739382
000980 33800  1.334438
000981 3113   1.302923
000982 121    0.454545
000983 5268   0.671222
000984 33     0.454545
000985 1000   0.397000
000986 937    0.459979
000987 5449   0.888787
000988 77660  2.376049
000989 16     0.562500
000990 12652  1.128043
000991 18     0.611111
000992 21824  1.296234
000993 12895  1.234665
000994 27     0.555556
000995 2431   1.065405
000996 57963  1.926902
000997 24647  1.381953
000998 1814   0.373760
000999 54     0.740741
001000 26     0.538462
001001 74     0.459459
001002 63     0.476190
001003 55461  2.191955
001004 30     0.500000
001005 20     1.300000
001006 75831  2.881038
001007 2776   0.613112
001008 22     0.590909
001009 2739   0.760497
001010 41572  2.340927
001011 1183   0.475909
001012 38     0.526316
001013 49779  2.552603
001014 3920   0.896939
001015 19452  1.228460
001016 23477  2.337948
001017 911    1.352360
001018 189354 3.025661
001019 288663 4.366874
001020 7632   1.066038
001021 561    1.399287
001022 679    0.458027
001023 3339   0.979635
001024 44     0.431818
001025 23     0.521739
001026 47357  1.527694
001027 2871   0.373041
001028 296601 4.344945
001029 32058  1.341756
001030 10234  0.920559
001031 48907  1.870877
001032 27     0.481481
001033 223    0.448430
001034 146912 2.835405
001035 73     0.424658
001036 44     0.818182
001037 37405  1.381954
001038 2056   0.935311
001039 67869  2.435324
001040 1739   0.384129
001041 119    0.865546
001042 57290  2.657951
001043 229    0.580786
001044 32294  1.274943
001045 5619   0.847660
001046 22     0.500000
001047 21     0.476190
001048 473    0.488372
001049 32495  2.236006
001050 83105  2.169027
001051 34     0.500000
001052 21     0.571429
001053 2516   0.373609
001054 23     1.173913
001055 124278 2.617551
001056 40034  1.468152
001057 25     0.520000
001058 33     0.969697
001059 1309   0.372040
001060 18     0.500000
001061 210    0.438095
001062 8066   1.060005
001063 63817  2.423790
001064 115    0.765217
001065 412    0.650485
001066 1575   0.902857
001067 116143 2.976744
001068 36428  1.513314
001069 199    0.532663
001070 408    0.539216
001071 152    0.447368
001072 47145  2.714540
001073 187836 3.343667
001074 94     0.617021
001075 80884  2.257838
001076 16     0.562500
001077 20     0.450000
001078 348    0.445402
001079 598    0.446488
001080 60     0.416667
001081 27907  1.273121
001082 13675  1.037660
001083 85     0.623529
001084 15670  2.329483
001085 29857  1.316542
001086 80     0.600000
001087 15     1.600000
001088 16217  1.108096
001089 15182  1.110657
001090 165    0.612121
001091 1961   0.411525
001092 67     0.895522
001093 8112   2.631903
001094 5760   0.847743
001095 8881   0.905416
001096 9789   2.004495
001097 221    0.624434
001098 6957   0.897226
001099 20306  1.066926
001100 88766  1.945824
001101 190    0.668421
001102 371    1.838275
001103 3167   0.373540
001104 4451   0.815772
001105 2997   0.696697
001106 8848   0.975701
001107 20     0.500000
001108 92     0.760870
001109 66     0.454545
001110 34     0.470588
001111 97839  2.928464
001112 5286   1.745176
001113 2690   0.860223
001114 654    0.470948
001115 97049  3.176426
001116 116317 2.538193
001117 131    0.786260
001118 89171  3.367036
001119 156733 3.373380
001120 19     0.631579
001121 17     0.647059
001122 131745 3.499351
001123 6149   2.006180
001124 10542  0.969361
001125 5532   1.025850
001126 3672   0.938998
001127 22     0.545455
001128 73101  2.393592
001129 1740   1.063793
001130 961    0.446410
001131 6883   0.870405
001132 173    0.514451
001133 766    0.450392
001134 828    0.951691
001135 2332   0.410806
001136 25093  1.341928
001137 92     0.913043
001138 2033   0.373832
001139 305    0.472131
001140 33     0.484848
001141 4278   0.594670
001142 62432  2.231516
001143 22419  1.268344
001144 125122 2.468255
001145 77903  2.659025
001146 126177 3.074831
001147 85617  3.364425
001148 13603  1.197015
001149 2233   0.737573
001150 62452  2.905431
001151 9036   0.927180
001152 21248  1.211596
001153 139467 2.674231
001154 4459   0.632653
001155 6417   0.719807
001156 62835  2.572834
001157 17015  1.200999
001158 109877 2.235582
001159 1910   0.526178
001160 3862   1.429829
001161 63686  2.437066
001162 47     0.425532
001163 640    0.443750
001164 26     0.500000
001165 196    0.500000
001166 55     0.436364
001167 16692  1.202492
001168 97423  2.394712
001169 10171  1.120735
001170 800    0.465000
001171 55     0.709091
001172 29     1.586207
001173 6157   0.839045
001174 13717  1.177080
001175 40     0.425000
001176 139702 2.451246
001177 68     0.426471
001178 412    1.089806
001179 35273  1.413546
001180 127    0.606299
001181 58921  2.579114
001182 21564  1.125487
001183 1162   0.654045
001184 89     0.977528
001185 49     0.489796
001186 74627  1.799845
001187 16     0.562500
001188 330    0.475758
001189 10461  0.891119
001190 53201  2.899156
001191 9160   0.889301
001192 106646 2.814892
001193 180124 3.479225
001194 222    0.599099
001195 215993 3.550004
001196 66611  3.462161
001197 22     0.500000
001198 34     0.470588
001199 1057   0.412488
001200 147    0.544218
001201 244    0.434426
001202 79     0.455696
001203 67709  2.604779
001204 6620   0.823263
001205 2184   0.370879
001206 656    0.457317
001207 28012  1.293838
001208 67     0.701493
001209 59     0.491525
001210 15     0.600000
001211 18598  1.321271
001212 225539 3.330670
001213 7003   0.940740
001214 1780   0.661236
001215 89216  2.970947
001216 85657  2.439637
001217 135216 2.799158
001218 5124   0.985168
001219 62     0.693548
001220 200080 3.595512
001221 21537  1.228258
001222 160    0.518750
001223 125    0.584000
001224 17     0.588235
001225 7842   0.964295
001226 279061 3.770910
001227 584    0.527397
001228 65779  1.716718
001229 42     0.452381
001230 25     1.040000
001231 148982 3.222329
001232 29     0.655172
001233 21     1.238095
001234 39925  2.086888
001235 18     0.555556
001236 3938   1.264601
001237 2511   1.025488
001238 10712  1.108757
001239 4810   0.951143
001240 35627  1.814803
001241 25     0.440000
001242 485    0.480412
001243 156464 2.737192
001244 5888   0.771060
001245 19098  1.138339
001246 391    0.437340
001247 1256   0.428344
001248 99922  2.664258
001249 1645   0.398176
001250 94     0.606383
001251 827    0.811366
001252 130652 3.193346
001253 402    1.176617
001254 226    0.570796
001255 5726   0.999301
001256 236817 3.697458
001257 19     0.631579
001258 40846  1.521079
001259 54     0.425926
001260 5239   0.985303
001261 94263  2.569237
001262 43621  1.478508
001263 19     0.526316
001264 298    0.436242
001265 355    0.461972
001266 85     3.870588
001267 5215   1.017641
001268 68     0.411765
001269 8329   1.125225
001270 312    1.028846
001271 209    0.607656
001272 127390 2.300385
001273 10343  0.889974
001274 3675   0.700952
001275 369    0.428184
001276 22     0.590909
001277 21     0.571429
001278 609    0.527094
001279 387    0.457364
001280 12168  1.021778
001281 365    0.435616
001282 1230   0.389431
001283 18201  1.155706
001284 58209  2.342146
001285 61     0.442623
001286 9612   1.101852
001287 14232  1.159429
001288 32344  2.614766
001289 1117   0.400179
001290 902    0.436807
001291 146    0.630137
001292 61465  1.585162
001293 65909  3.184785
001294 27     0.481481
001295 182774 3.468354
001296 56368  1.564239
001297 214    0.434579
001298 330    1.293939
001299 66     0.666667
001300 17     0.588235
001301 74     0.445946
001302 101212 2.650219
001303 32874  1.329409
001304 50833  2.034820
001305 150    0.720000
001306 28     0.500000
001307 2230   1.026009
001308 1769   0.370266
001309 235    1.331915
001310 41350  1.387836
001311 26156  2.163442
001312 80817  1.716223
001313 48     0.645833
001314 148    0.459459
001315 15087  1.118446
001316 104873 2.301107
001317 40772  1.374448
001318 32425  2.031981
001319 249    0.558233
001320 1534   0.376141
001321 12091  0.950873
001322 8311   0.830947
001323 239    0.481172
001324 5785   0.846154
001325 385    0.480519
001326 53     1.037736
001327 106    0.452830
001328 83157  2.059911
001329 854    0.449649
001330 451    0.536585
001331 1122   0.529412
001332 30678  2.441880
001333 19     0.578947
001334 132    0.462121
001335 1234   0.404376
001336 5412   0.924427
001337 121    0.545455
001338 145    0.427586
001339 11190  1.083467
001340 14506  1.042052
001341 836    0.559809
001342 234572 3.386009
001343 1963   0.507896
001344 15461  1.163573
001345 298    1.372483
001346 1183   0.393068
001347 321    0.395639
001348 274608 4.137374
001349 184016 3.800468
001350 18     0.611111
001351 11031  1.131448
001352 22     0.545455
001353 849    0.551237
001354 886    0.882619
001355 5949   0.975122
001356 73     0.438356
001357 982    0.723014
001358 10332  1.059040
001359 137    0.583942
001360 1492   0.510724
001361 5380   0.823048
001362 1859   0.373319
001363 1345   1.305576
001364 78     0.653846
001365 3347   0.739468
001366 9987   1.175428
001367 6015   1.261180
001368 259397 3.711527
001369 2162   0.401018
001370 71     0.873239
001371 2420   0.890909
001372 138    0.797101
001373 36     0.527778
001374 162107 4.419377
001375 19229  1.108066
001376 196427 3.440077
001377 50605  1.540915
001378 33     0.454545
001379 188175 3.108872
001380 42436  1.597747
001381 125535 2.818887
001382 10656  0.946697
001383 297570 4.319075
001384 761    0.568988
001385 29862  1.312973
001386 143074 3.407488
001387 36     0.472222
001388 1520   0.774342
001389 37     0.459459
001390 4168   0.800144
001391 32     0.468750
001392 16870  1.283640
001393 9177   0.930369
001394 26     0.461538
001395 77     0.636364
001396 110384 2.667959
001397 22     0.500000
001398 12539  1.379855
001399 2343   0.809646
001400 2942   0.648878
001401 109340 2.494970
001402 32     0.500000
001403 66     0.681818
001404 8047   0.987697
001405 166981 3.268228
001406 16     0.562500
001407 63832  2.897857
001408 132435 2.752784
001409 130    0.653846
001410 1078   0.410019
001411 90365  3.530902
001412 20923  1.184821
001413 874    0.535469
001414 180117 3.180033
001415 69193  1.650890
001416 9011   1.098879
001417 29763  2.147532
001418 391    0.521739
001419 9025   0.925097
001420 515    0.528155
001421 83     0.626506
001422 1663   1.009621
001423 51847  2.181206
001424 21     0.523810
001425 1749   0.373356
001426 151    0.728477
001427 55     0.472727
001428 120191 2.372698
001429 12998  1.573858
001430 436    0.431193
001431 14515  1.184430
001432 34     0.441176
001433 48     0.770833
001434 28     1.607143
001435 325    0.427692
001436 488    1.309426
001437 151    0.543046
001438 24525  2.804608
001439 14617  1.070261
001440 88527  2.192947
001441 19     1.368421
001442 6031   0.986735
001443 60342  2.258245
001444 287930 3.879453
001445 55     0.436364
001446 61975  1.725551
001447 176864 3.385194
001448 181037 3.233974
001449 27     0.481481
001450 38     0.842105
001451 373    0.557641
001452 813    0.522755
001453 12918  1.149559
001454 18982  1.207249
001455 34718  1.409960
001456 157791 2.541229
001457 1007   0.612711
001458 120255 2.876413
001459 352    0.528409
001460 2316   0.371762
001461 1361   0.387950
001462 148    0.614865
001463 430    0.441860
001464 1317   0.375095
001465 72129  2.667249
001466 2289   0.498471
001467 51939  1.411829
001468 40     0.475000
001469 3534   3.991228
001470 42603  1.329695
001471 105271 2.369038
001472 112    0.714286
001473 106420 3.132879
001474 185814 3.055782
001475 53236  1.642235
001476 222862 3.494503
001477 134736 3.378503
001478 275641 3.987894
001479 317    0.479495
001480 7722   0.895623
001481 1352   0.386834
001482 14039  1.220529
001483 171    0.409357
001484 630    0.442857
001485 262641 3.820881
001486 1056   0.428030
001487 4730   0.622199
001488 16     0.562500
001489 24435  1.256722
001490 17674  1.331617
001491 555    0.497297
001492 2031   0.831118
001493 7003   1.121377
001494 71     0.943662
001495 20032  3.065944
001496 106253 2.059763
001497 147    0.734694
001498 231823 3.598802
001499 27     0.481481
001500 23697  1.268684
001501 32515  2.556482
001502 25414  1.126033
001503 17     0.529412
001504 301    0.431894
001505 24987  1.444711
001506 153198 2.511547
001507 13345  1.010865
001508 22     0.500000
001509 1841   0.423683
001510 1346   0.758544
001511 47     0.425532
001512 9328   1.065180
001513 11276  1.155640
001514 66     0.424242
001515 26     0.500000
001516 31131  1.305740
001517 482    0.506224
001518 9601   1.279971
001519 1772   0.399549
001520 19038  1.923049
001521 848    0.425708
001522 15     1.533333
001523 325    0.449231
001524 49267  1.521911
001525 177    0.819209
001526 4955   0.784662
001527 1122   0.404635
001528 3669   0.623331
001529 31     0.419355
001530 412    0.449029
001531 50795  2.067526
001532 53     0.433962
001533 43     0.837209
001534 33675  2.360831
001535 23     0.478261
001536 706    0.464589
001537 38876  2.323876
001538 889    0.757030
001539 9911   0.962365
001540 2149   0.373197
001541 33647  2.215502
001542 40854  2.573555
001543 23     0.608696
001544 5803   0.889885
001545 247    0.951417
001546 51054  2.431896
001547 46     0.500000
001548 838    1.474940
001549 71968  1.664518
001550 17621  1.277907
001551 78697  2.115074
001552 23173  1.182756
001553 991    0.440969
001554 45811  2.299491
001555 3435   0.711499
001556 10210  1.174437
001557 16     0.562500
001558 135    0.444444
001559 1856   0.435884
001560 2384   0.807047
001561 66     1.000000
001562 10071  1.261146
001563 56     0.732143
001564 58     0.482759
001565 38272  1.497361
001566 30     0.466667
001567 66217  2.148482
001568 195    0.646154
001569 105    0.457143
001570 341    0.677419
001571 911    0.927552
001572 1389   0.374370
001573 8077   0.979819
001574 510    1.172549
001575 9117   0.813864
001576 135    0.562963
001577 75     0.466667
001578 54     0.481481
001579 489    0.472393
001580 19     0.526316
001581 129585 2.463356
001582 837    0.469534
001583 173018 3.023136
001584 329    0.832827
001585 1929   0.385174
001586 8335   0.930054
001587 103296 3.789353
001588 23812  1.142323
001589 89     0.426966
001590 180    0.444444
001591 44864  1.989591
001592 102    0.539216
001593 407    1.176904
001594 3337   0.715912
001595 17     0.529412
001596 149    0.523490
001597 187700 2.946478
001598 192430 3.589866
001599 7894   0.787433
001600 6222   0.931051
001601 9201   1.052820
001602 105    0.600000
001603 13922  1.144376
001604 16788  1.279664
001605 131478 2.324990
001606 2700   0.373333
001607 15740  1.086595
001608 38     0.526316
001609 3361   1.032728
001610 222334 3.438718
001611 5721   0.859815
001612 78     0.397436
001613 59529  1.635472
001614 26469  1.303789
001615 55     0.418182
001616 85780  2.325111
001617 273371 3.810214
001618 20957  1.339648
001619 1168   1.024829
001620 120    0.700000
001621 104    0.442308
001622 193245 3.864788
001623 7349   0.875901
001624 199025 3.679729
001625 167482 3.191453
001626 4071   0.750921
001627 2199   0.787176
001628 283    0.431095
001629 398    0.467337
001630 132    0.651515
001631 47071  1.412611
001632 27     0.481481
001633 298858 4.047708
001634 487    1.043121
001635 372    0.454301
001636 3063   0.671890
001637 320    0.496875
001638 134    0.462687
001639 1720   0.376744
001640 197    0.578680
001641 324    0.416667
001642 47     0.468085
001643 771    0.418936
001644 7712   1.013485
001645 173008 3.937957
001646 110    0.700000
001647 2674   1.139491
001648 22     0.545455
001649 8192   1.324341
001650 76     0.776316
001651 24759  1.393271
001652 794    0.498741
001653 279816 3.747470
001654 21040  1.283317
001655 40     0.425000
001656 40     0.800000
001657 12378  1.005251
001658 30     0.433333
001659 266    0.454887
001660 164    0.445122
001661 67036  3.085372
001662 198    0.661616
001663 15     0.666667
001664 11451  0.839927
001665 155    0.625806
001666 16     0.625000
001667 5088   1.152909
001668 227923 3.537129
001669 111    0.540541
001670 25     0.520000
001671 99     0.626263
001672 122    0.467213
001673 98602  2.935924
001674 71     0.408451
001675 179155 2.988714
001676 10867  1.022729
001677 87432  2.707739
001678 1842   0.545060
001679 102    0.696078
001680 421    0.505938
001681 2599   1.262409
001682 3274   0.935858
001683 4789   0.951556
001684 1087   0.783809
001685 66444  2.793285
001686 7497   0.810591
001687 14717  0.963512
001688 67627  2.216629
001689 13862  1.038450
001690 42     0.476190
001691 10670  1.181912
001692 54     0.759259
001693 2810   1.185053
001694 98     0.622449
001695 208    0.456731
001696 564    0.519504
001697 5170   0.865957
001698 19061  2.227060
001699 11223  0.863227
001700 326    0.506135
001701 19     0.789474
001702 142388 3.409901
001703 3144   2.057888
001704 27527  1.784757
001705 205521 3.486714
001706 148951 4.166196
001707 3752   0.372335
001708 19     0.789474
001709 21     0.476190
001710 2968   0.375337
001711 8670   1.087659
001712 4984   0.908708
001713 141    0.517730
001714 349    0.426934
001715 97841  3.821016
001716 800    0.503750
001717 153111 3.125817
001718 14989  1.183134
001719 699    0.473534
001720 18962  1.108902
001721 99927  2.795271
001722 6480   1.027160
001723 8585   1.074199
001724 147823 2.910176
001725 2060   0.376214
001726 2926   0.602529
001727 43     0.418605
001728 35     0.914286
001729 89     0.438202
001730 1876   1.114606
001731 47     0.425532
001732 20     1.250000
001733 5005   1.090909
001734 16     0.625000
001735 743    0.449529
001736 299751 5.174048
001737 19     0.526316
001738 490    0.457143
001739 60     7.883333
001740 18259  1.298428
001741 84355  1.874779
001742 231895 3.557826
001743 12883  1.188000
001744 86922  2.817434
001745 187    0.598930
001746 294    0.557823
001747 28690  1.443534
001748 65     0.507692
001749 13500  2.579111
001750 7198   0.748819
001751 75295  2.436337
001752 16     0.812500
001753 14450  1.445121
001754 21703  3.285076
001755 159383 3.348958
001756 8215   2.051978
001757 78     0.730769
001758 197    0.436548
001759 80752  3.028569
001760 53510  1.584769
001761 44     0.522727
001762 210    0.490476
001763 59     0.525424
001764 65162  1.984945
001765 108799 2.565134
001766 59207  1.626514
001767 3584   0.719308
001768 25265  2.102988
001769 82594  1.770419
001770 15645  1.589198
001771 46     0.434783
001772 81     0.444444
001773 138479 2.593700
001774 543    0.541436
001775 80     1.062500
001776 184    0.461957
001777 179185 3.778151
001778 387    0.447028
001779 24212  1.254089
001780 62     0.419355
001781 91     0.428571
001782 32621  2.369057
001783 14439  1.009627
001784 22     0.545455
001785 1036   0.445946
001786 16255  0.991203
001787 3005   0.373710
001788 87828  2.011204
001789 277    0.563177
001790 64     0.468750
001791 291268 4.449703
001792 273618 5.377446
001793 330    0.496970
001794 2786   1.328069
001795 530    0.483019
001796 162    0.666667
001797 19     0.578947
001798 1302   0.369432
001799 24     0.458333
001800 1193   0.382230
001801 168    0.517857
001802 1163   0.368874
001803 35545  1.694162
001804 128340 4.408953
001805 1924   0.534823
001806 36     0.638889
001807 5496   1.102074
001808 20     0.650000
001809 11847  1.353001
001810 58677  2.818157
001811 31     0.451613
001812 24     1.125000
001813 84     0.642857
001814 41427  2.065271
001815 6529   1.101547
001816 140530 2.534711
001817 46     1.086957
001818 49     0.489796
001819 54533  1.919682
001820 202    0.628713
001821 212    0.471698
001822 205    0.463415
001823 898    0.430958
001824 4800   0.700417
001825 37     0.432432
001826 1878   0.373269
001827 245619 3.511349
001828 5456   1.498534
001829 1774   1.812289
001830 86     0.837209
001831 95     0.494737
001832 152    0.486842
001833 27     0.814815
001834 1655   0.389124
001835 6067   2.523653
001836 319    0.520376
001837 57     0.561404
001838 124    0.524194
001839 6775   0.841033
001840 261    0.482759
001841 47544  1.818400
001842 1770   1.457062
001843 403    0.481390
001844 298100 4.015045
001845 2831   0.766867
001846 18917  1.931913
001847 877    0.444698
001848 43     0.418605
001849 205235 4.052165
001850 37     0.918919
001851 62634  3.258566
001852 122    0.713115
001853 605    0.502479
001854 919    0.450490
001855 49     0.775510
001856 1015   0.498522
001857 176    0.579545
001858 9380   1.041471
001859 433    0.535797
001860 591    0.492386
001861 147    0.632653
001862 115104 2.611412
001863 5668   0.861327
001864 74     1.081081
001865 55     2.781818
001866 266    0.436090
001867 107100 2.910532
001868 1378   0.383164
001869 770    0.442857
001870 40095  2.537074
001871 46     0.478261
001872 6984   0.813860
001873 1334   0.379310
001874 27484  1.292134
001875 1855   0.894340
001876 5597   0.908165
001877 26     0.538462
001878 87     0.666667
001879 1469   0.457454
001880 2601   0.825836
001881 194979 3.152360
001882 83     0.843373
001883 28290  1.302439
001884 28218  1.282905
001885 86     0.581395
001886 202    0.470297
001887 97959  2.375351
001888 177768 3.411503
001889 3291   1.300820
001890 17009  1.298724
001891 95     1.000000
001892 178746 3.090682
001893 52682  3.075510
001894 322    0.434783
001895 202    0.435644
001896 28     0.535714
001897 78     0.461538
001898 54     0.740741
001899 3171   0.928729
001900 3261   0.813861
001901 10887  1.112703
001902 37770  2.502409
001903 21     0.571429
001904 6496   0.973368
001905 5792   1.022099
001906 1951   0.629933
001907 19926  1.202499
001908 138196 2.509819
001909 91868  3.448535
001910 24     0.625000
001911 2862   0.373515
001912 19     0.578947
001913 97157  3.177620
001914 101318 3.015555
001915 221983 3.484470
001916 216    0.629630
001917 783    0.464879
001918 886    0.415350
001919 51611  1.572979
001920 327    0.437309
001921 90     0.455556
001922 21069  1.246096
001923 19     0.631579
001924 277    0.476534
001925 4825   0.757306
001926 25857  2.144603
001927 652    0.483129
001928 383    0.436031
001929 20433  1.153869
001930 53867  1.898788
001931 1886   0.376458
001932 15     0.533333
001933 68563  2.222934
001934 213628 3.487680
001935 195510 3.672083
001936 4544   0.997139
001937 15     0.533333
001938 657    0.482496
001939 101238 3.237075
001940 1359   0.465048
001941 290258 4.105978
001942 62     0.709677
001943 997    0.921765
001944 797    0.419072
001945 31     0.483871
001946 110    0.445455
001947 353    0.433428
001948 337    0.412463
001949 471    0.437367
001950 33     0.484848
001951 758    0.418206
001952 15095  1.154952
001953 147    0.537415
001954 2994   1.316633
001955 211495 3.654904
001956 622    0.426045
001957 674    0.431751
001958 5800   1.033621
001959 19     0.526316
001960 16813  1.125558
001961 8697   1.044498
001962 73     0.630137
001963 31     1.483871
001964 198813 3.472187
001965 40053  1.481537
001966 403    0.498759
001967 80647  2.984376
001968 343    0.437318
001969 302    1.135762
001970 6880   0.887500
001971 84     0.797619
001972 63791  2.268110
001973 259    0.498069
001974 43010  1.566240
001975 257837 3.758661
001976 15     0.600000
001977 1364   0.697214
001978 79624  1.788443
001979 10600  1.127358
001980 33308  2.123754
001981 41399  2.515761
001982 20753  1.173903
001983 196    0.459184
001984 209    0.511962
001985 82     0.463415
001986 61079  1.954518
001987 153    1.437908
001988 212385 3.271526
001989 194    0.680412
001990 194    0.453608
001991 9539   0.974316
001992 1410   0.465957
001993 15383  1.152766
001994 82     0.768293
001995 232642 3.604856
001996 87     0.586207
001997 225954 3.792414
001998 8266   0.977135
001999 3842   0.646278
