000000 463391 0.859520
000001 127    0.086614
000002 61837  0.221372
000003 45     0.066667
000004 173    0.046243
000005 415677 0.784633
000006 1183   0.065934
000007 2279   0.062747
000008 891    0.039282
000009 17789  0.245995
000010 382135 0.733327
000011 22071  0.278646
000012 263773 0.555262
000013 10945  0.125902
000014 442043 0.799809
000015 197197 0.472380
000016 3641   0.052458
000017 642775 1.046127
000018 173197 0.429170
000019 6293   0.057206
000020 36131  0.219147
000021 502381 0.890985
000022 4293   0.053576
000023 35     0.085714
000024 32693  0.187624
000025 417    0.040767
000026 813    0.038130
000027 407    0.039312
000028 50787  0.215232
000029 1024265 1.443588
000030 1669   0.052127
000031 59695  0.204942
000032 9511   0.120177
000033 947    0.039071
000034 76303  0.250659
000035 41     0.097561
000036 7701   0.126477
000037 502027 0.880520
000038 81     0.098765
000039 287    0.066202
000040 2041   0.051445
000041 455679 0.836341
000042 1093   0.050320
000043 6549   0.056955
000044 272063 0.548112
000045 14847  0.265373
000046 204283 0.481528
000047 605009 0.978614
000048 8857   0.133115
000049 21711  0.279029
000050 153183 0.375211
000051 80809  0.255454
000052 2341   0.043571
000053 125    0.072000
000054 213    0.042254
000055 471405 0.843377
000056 971761 1.362824
000057 2563   0.052282
000058 27815  0.184037
000059 71365  0.276130
000060 1013   0.042448
000061 97513  0.291243
000062 87609  0.275679
000063 39     0.076923
000064 720181 1.137095
000065 642823 1.039373
000066 315211 0.610302
000067 646439 1.020650
000068 1821   0.053817
000069 35969  0.193417
000070 56525  0.199115
000071 3145   0.045151
000072 4723   0.049121
000073 12679  0.123511
000074 14007  0.253516
000075 8409   0.116899
000076 657427 1.023647
000077 129    0.085271
000078 1511   0.076770
000079 71009  0.253883
000080 137    0.087591
000081 699    0.062947
000082 43257  0.202349
000083 219    0.045662
000084 113    0.044248
000085 7699   0.122743
000086 1083833 1.476185
000087 26789  0.137370
000088 129    0.046512
000089 1903   0.038886
000090 273563 0.572574
000091 292067 0.592720
000092 39235  0.214732
000093 88699  0.276395
000094 37     0.081081
000095 110493 0.301512
000096 5895   0.048855
000097 202431 0.467804
000098 20551  0.243443
000099 171    0.046784
000100 24541  0.157206
000101 58545  0.201640
000102 2711   0.054592
000103 253    0.039526
000104 1141   0.037686
000105 39981  0.192792
000106 21315  0.278724
000107 70503  0.233224
000108 228529 0.498685
000109 375    0.088000
000110 189    0.063492
000111 33755  0.189216
000112 154233 0.382344
000113 381    0.131234
000114 661573 1.027729
000115 1195   0.075314
000116 7197   0.206892
000117 87     0.080460
000118 1923   0.063443
000119 28737  0.190869
000120 49     0.061224
000121 293    0.040956
000122 747571 1.100316
000123 111    0.090090
000124 3213   0.051354
000125 2641   0.040136
000126 2997   0.040374
000127 355    0.042254
000128 47     0.085106
000129 97     0.072165
000130 387    0.059432
000131 25247  0.140373
000132 9143   0.118451
000133 22729  0.273351
000134 604843 0.966231
000135 4041   0.058896
000136 917319 1.286666
000137 29649  0.175149
000138 43     0.069767
000139 130847 0.344891
000140 644191 0.998653
000141 18059  0.245307
000142 3637   0.040968
000143 17025  0.246109
000144 9903   0.121781
000145 51297  0.216484
000146 29911  0.169603
000147 485847 0.831756
000148 679    0.057437
000149 375    0.048000
000150 2731   0.049432
000151 4575   0.073880
000152 279685 0.556011
000153 129    0.077519
000154 6221   0.054654
000155 815    0.038037
000156 409    0.039120
000157 103    0.038835
000158 483885 0.817300
000159 39     0.128205
000160 25523  0.141167
000161 1503   0.038589
000162 46923  0.189800
000163 594159 0.926198
000164 13059  0.126273
000165 525163 0.854013
000166 73     0.123288
000167 669    0.065770
000168 115    0.060870
000169 484359 0.826783
000170 675    0.066667
000171 89     0.078652
000172 170683 0.408014
000173 86927  0.280511
000174 314669 0.602023
000175 211    0.080569
000176 14647  0.256366
000177 2171   0.040995
000178 984893 1.319737
000179 560407 0.918395
000180 388367 0.729436
000181 65     0.107692
000182 5145   0.053450
000183 11469  0.129479
000184 435451 0.774399
000185 6311   0.055617
000186 1917   0.045905
000187 78441  0.238052
000188 51     0.058824
000189 499    0.060120
000190 187325 0.488146
000191 179    0.117318
000192 8003   0.134575
000193 84771  0.281570
000194 18845  0.248395
000195 65751  0.221533
000196 77     0.051948
000197 24795  0.141924
000198 211    0.042654
000199 7839   0.110091
000200 7013   0.109796
000201 1637   0.037874
000202 33     0.060606
000203 37     0.054054
000204 959147 1.311585
000205 55061  0.175260
000206 3491   0.040962
000207 33     0.090909
000208 415777 0.752896
000209 458007 0.785224
000210 1367   0.055596
000211 90465  0.285823
000212 32359  0.184555
000213 212417 0.453386
000214 13983  0.255095
000215 301    0.043189
000216 200225 0.452406
000217 83     0.072289
000218 35     0.085714
000219 435    0.057471
000220 383    0.039164
000221 651    0.041475
000222 103    0.048544
000223 123    0.040650
000224 22943  0.282047
000225 52519  0.189074
000226 280769 0.582593
000227 4887   0.069572
000228 305    0.062295
000229 734541 1.100979
000230 279    0.064516
000231 40015  0.189604
000232 247303 0.552092
000233 4273   0.048912
000234 51     0.078431
000235 141525 0.370479
000236 942301 1.289882
000237 31013  0.174314
000238 11675  0.178244
000239 1285   0.061479
000240 71495  0.324946
000241 6965   0.185499
000242 6135   0.062918
000243 65     0.076923
000244 1485   0.061279
000245 26309  0.206545
000246 44771  0.187219
000247 41     0.048780
000248 14363  0.254334
000249 61     0.065574
000250 366365 0.708272
000251 401    0.082294
000252 20707  0.275849
000253 605    0.057851
000254 2081   0.060548
000255 11843  0.181373
000256 37983  0.197114
000257 102165 0.319855
000258 71     0.070423
000259 3313   0.042258
000260 460551 0.820031
000261 73     0.095890
000262 309    0.071197
000263 22893  0.299262
000264 56181  0.201634
000265 50943  0.207271
000266 20835  0.274970
000267 226167 0.471461
000268 819    0.059829
000269 4069   0.050381
000270 42317  0.195831
000271 8065   0.115933
000272 10187  0.118386
000273 117    0.042735
000274 636415 0.996389
000275 201471 0.452820
000276 65     0.092308
000277 75     0.080000
000278 27987  0.175689
000279 203    0.044335
000280 77187  0.249809
000281 1131   0.043324
000282 24481  0.140966
000283 1001099 1.373938
000284 42647  0.195629
000285 35339  0.217210
000286 1393   0.040201
000287 413    0.036320
000288 2817   0.040824
000289 58367  0.199256
000290 279777 0.549155
000291 601319 0.942954
000292 25287  0.144382
000293 489    0.040900
000294 679    0.054492
000295 789    0.046895
000296 213417 0.457152
000297 99     0.090909
000298 111    0.072072
000299 57215  0.198864
000300 217609 0.508302
000301 166339 0.403135
000302 525    0.064762
000303 237    0.063291
000304 844035 1.229102
000305 4207   0.050630
000306 126459 0.340015
000307 103915 0.301891
000308 4453   0.044240
000309 45065  0.193099
000310 31243  0.169766
000311 27977  0.169032
000312 111    0.054054
000313 165    0.066667
000314 241    0.066390
000315 23809  0.140031
000316 259    0.042471
000317 105    0.038095
000318 23601  0.278632
000319 94031  0.285799
000320 55     0.054545
000321 1879   0.040979
000322 67     0.074627
000323 1285   0.038132
000324 2755   0.040653
000325 11899  0.121943
000326 73873  0.231032
000327 447    0.040268
000328 839321 1.189832
000329 221241 0.476001
000330 213495 0.444057
000331 277    0.115523
000332 11663  0.140101
000333 6089   0.042864
000334 23965  0.140872
000335 53389  0.206709
000336 203    0.049261
000337 481    0.060291
000338 35     0.085714
000339 106199 0.314758
000340 633919 0.983979
000341 45     0.133333
000342 17591  0.247342
000343 79985  0.248797
000344 27277  0.139092
000345 540415 0.881410
000346 2249   0.053802
000347 487    0.055441
000348 254491 0.523366
000349 91111  0.284653
000350 331    0.072508
000351 451    0.064302
000352 207    0.067633
000353 209    0.066986
000354 777    0.063063
000355 2455   0.070468
000356 2309   0.064097
000357 3381   0.066253
000358 35     0.114286
000359 6649   0.072492
000360 93     0.075269
000361 73     0.082192
000362 4781   0.064213
000363 498513 0.847771
000364 15177  0.255716
000365 132901 0.405151
000366 1167559 1.503292
000367 32277  0.170493
000368 97     0.051546
000369 22795  0.274709
000370 70293  0.230421
000371 235    0.046809
000372 1009163 1.367343
000373 47     0.106383
000374 2985   0.051926
000375 705    0.036879
000376 478421 0.816534
000377 209    0.076555
000378 5379   0.052984
000379 2857   0.039202
000380 567495 0.907899
000381 3367   0.053757
000382 33     0.060606
000383 705    0.045390
000384 1825   0.038904
000385 135    0.044444
000386 271    0.040590
000387 626867 0.964169
000388 623    0.065811
000389 915317 1.269006
000390 172599 0.418444
000391 2845   0.058699
000392 289    0.058824
000393 59561  0.214536
000394 675419 1.052416
000395 53153  0.192576
000396 385    0.041558
000397 4213   0.046285
000398 57393  0.197271
000399 135    0.051852
000400 307    0.061889
000401 76621  0.249344
000402 3919   0.050268
000403 144125 0.361984
000404 81     0.061728
000405 439731 0.762387
000406 731    0.082079
000407 23209  0.282563
000408 26563  0.137861
000409 705689 1.054037
000410 14937  0.252259
000411 53     0.056604
000412 9725   0.115784
000413 22097  0.273883
000414 40597  0.188191
000415 441605 0.785566
000416 527    0.064516
000417 99     0.232323
000418 183    0.060109
000419 6855   0.059227
000420 37     0.081081
000421 117973 0.316242
000422 49     0.102041
000423 149    0.073826
000424 1933   0.048629
000425 231265 0.505347
000426 51     0.117647
000427 20059  0.244180
000428 2207   0.043045
000429 10545  0.121005
000430 374219 0.682357
000431 692709 1.035139
000432 61     0.114754
000433 2525   0.051089
000434 93     0.075269
000435 300831 0.603043
000436 17495  0.245556
000437 4101   0.041941
000438 387    0.046512
000439 198003 0.430281
000440 4389   0.053543
000441 197819 0.457742
000442 1941   0.071097
000443 50785  0.251610
000444 55     0.054545
000445 14573  0.250738
000446 1146851 1.498325
000447 337    0.071217
000448 445    0.056180
000449 77     0.064935
000450 185    0.070270
000451 1535   0.047557
000452 31769  0.193396
000453 23173  0.277305
000454 97957  0.302173
000455 703621 1.081906
000456 10151  0.129248
000457 2919   0.040767
000458 1007   0.037736
000459 6777   0.045448
000460 107    0.046729
000461 57     0.052632
000462 515439 0.864465
000463 249    0.112450
000464 49     0.081633
000465 633    0.069510
000466 4731   0.081801
000467 25421  0.139963
000468 974115 1.346109
000469 39     0.128205
000470 6297   0.055741
000471 1439   0.038221
000472 75     0.053333
000473 733851 1.082077
000474 5171   0.052988
000475 227    0.061674
000476 5689   0.044472
000477 3721   0.041655
000478 4111   0.045731
000479 1545   0.038188
000480 183311 0.417945
000481 9433   0.127319
000482 141681 0.355835
000483 102861 0.281691
000484 65     0.076923
000485 111    0.072072
000486 4577   0.048285
000487 199    0.060302
000488 285    0.059649
000489 137    0.065693
000490 12463  0.123887
000491 487    0.041068
000492 623    0.052970
000493 121745 0.395433
000494 379743 0.702762
000495 41057  0.187447
000496 8543   0.119396
000497 970309 1.355991
000498 108319 0.294297
000499 3281   0.046937
000500 59     0.067797
000501 5459   0.048544
000502 99     0.040404
000503 53     0.037736
000504 33     0.060606
000505 367491 0.661469
000506 153927 0.378043
000507 56135  0.200428
000508 431    0.048724
000509 1003501 1.359963
000510 375687 0.677207
000511 401    0.147132
000512 97     0.072165
000513 12951  0.127635
000514 1331   0.037566
000515 81765  0.265126
000516 305891 0.616733
000517 1629   0.063843
000518 716217 1.062011
000519 210259 0.445631
000520 187    0.074866
000521 20703  0.276578
000522 2411   0.040232
000523 467    0.040685
000524 129    0.046512
000525 279    0.039427
000526 583    0.068611
000527 22271  0.275066
000528 375    0.042667
000529 893    0.039194
000530 140749 0.369317
000531 882877 1.238798
000532 189    0.079365
000533 269    0.063197
000534 67     0.089552
000535 1583   0.050537
000536 27689  0.171620
000537 1355   0.038376
000538 30533  0.171290
000539 2989   0.044162
000540 9001   0.126430
000541 23187  0.140812
000542 469    0.066098
000543 2299   0.063941
000544 107    0.074766
000545 289    0.065744
000546 69     0.086957
000547 538749 0.895519
000548 571013 0.903244
000549 36861  0.198150
000550 16701  0.251362
000551 203579 0.452797
000552 111    0.072072
000553 65099  0.278146
000554 542645 0.876321
000555 1403   0.054170
000556 31267  0.186618
000557 749613 1.084908
000558 175185 0.409116
000559 436649 0.768475
000560 53     0.169811
000561 10047  0.195581
000562 63083  0.255188
000563 4419   0.042770
000564 13409  0.126930
000565 5483   0.048149
000566 10243  0.120180
000567 1895   0.043799
000568 186793 0.457630
000569 261973 0.576464
000570 296415 0.586202
000571 60945  0.199852
000572 711    0.066104
000573 57     0.087719
000574 5017   0.067770
000575 1225   0.062041
000576 297    0.063973
000577 5115   0.064125
000578 69     0.072464
000579 2263   0.060981
000580 186361 0.502949
000581 347    0.060519
000582 18563  0.280666
000583 6043   0.066192
000584 633125 0.987524
000585 107    0.084112
000586 65141  0.221627
000587 57     0.052632
000588 585675 0.944555
000589 15139  0.255367
000590 1407   0.039801
000591 75     0.080000
000592 1597   0.039449
000593 747    0.046854
000594 3791   0.042997
000595 585    0.054701
000596 165861 0.408022
000597 151    0.072848
000598 3891   0.072989
000599 42345  0.211713
000600 57     0.052632
000601 273    0.058608
000602 563899 0.916442
000603 16723  0.243557
000604 1180279 1.517900
000605 807    0.058240
000606 339309 0.642373
000607 32607  0.187567
000608 201    0.039801
000609 67     0.044776
000610 13859  0.249513
000611 770377 1.121403
000612 5269   0.053710
000613 152441 0.375201
000614 47     0.106383
000615 57     0.087719
000616 247129 0.511101
000617 751    0.054594
000618 127    0.062992
000619 3285   0.055403
000620 7675   0.126254
000621 1473   0.038697
000622 1865   0.045040
000623 153    0.058824
000624 30993  0.188042
000625 354171 0.679579
000626 6685   0.053104
000627 2151   0.058577
000628 876071 1.230078
000629 3153   0.059309
000630 66577  0.217402
000631 157    0.044586
000632 320823 0.623967
000633 17677  0.249194
000634 6197   0.045829
000635 3709   0.041521
000636 178651 0.436035
000637 10201  0.125674
000638 73     0.054795
000639 231    0.056277
000640 137229 0.351398
000641 95     0.063158
000642 39     0.076923
000643 8797   0.121632
000644 3329   0.039051
000645 350971 0.667525
000646 150643 0.382135
000647 347761 0.674780
000648 149637 0.398625
000649 191    0.057592
000650 241    0.041494
000651 39883  0.190658
000652 145    0.041379
000653 1014217 1.381414
000654 978631 1.322189
000655 81     0.098765
000656 3609   0.052646
000657 109201 0.287598
000658 7031   0.113071
000659 876139 1.232213
000660 24037  0.142946
000661 45     0.066667
000662 495    0.042424
000663 1103   0.038078
000664 2991   0.040455
000665 7625   0.115016
000666 24747  0.135734
000667 6699   0.040305
000668 595    0.038655
000669 50999  0.205416
000670 37     0.054054
000671 219    0.041096
000672 41     0.048780
000673 3123   0.040986
000674 537    0.039106
000675 791299 1.132434
000676 6505   0.054266
000677 61027  0.227686
000678 185999 0.453572
000679 168729 0.382163
000680 557751 0.889838
000681 30079  0.172313
000682 67     0.059701
000683 13399  0.119636
000684 243    0.041152
000685 239545 0.508418
000686 6037   0.056982
000687 1119   0.055407
000688 17209  0.288686
000689 634191 0.980153
000690 3751   0.055718
000691 905    0.054144
000692 137    0.036496
000693 4345   0.043728
000694 458295 0.801362
000695 51359  0.206040
000696 127    0.070866
000697 37     0.108108
000698 115    0.069565
000699 16417  0.248888
000700 1385   0.038989
000701 153    0.065359
000702 19811  0.240573
000703 113433 0.304109
000704 49     0.081633
000705 12587  0.122190
000706 101    0.039604
000707 6949   0.114693
000708 559    0.041145
000709 1048113 1.385284
000710 443691 0.768769
000711 83     0.096386
000712 173369 0.382087
000713 9819   0.180976
000714 1237   0.038804
000715 1223   0.043336
000716 41     0.097561
000717 75587  0.265310
000718 982411 1.335994
000719 781    0.056338
000720 432201 0.772738
000721 239387 0.519882
000722 757    0.055482
000723 802421 1.172576
000724 969    0.056760
000725 21095  0.287130
000726 150787 0.367625
000727 3247   0.048660
000728 7311   0.123102
000729 71     0.056338
000730 531141 0.865623
000731 1927   0.053451
000732 1171   0.039283
000733 475    0.037895
000734 35331  0.218307
000735 2423   0.040858
000736 4483   0.041936
000737 1375   0.038545
000738 56743  0.199619
000739 2675   0.041869
000740 919    0.047878
000741 45     0.066667
000742 1949   0.038994
000743 305685 0.618369
000744 193    0.082902
000745 5823   0.053752
000746 1048635 1.413411
000747 501471 0.839046
000748 16963  0.258563
000749 319    0.043887
000750 317    0.053628
000751 41     0.073171
000752 79863  0.252532
000753 41137  0.189926
000754 62213  0.212914
000755 10379  0.125157
000756 63     0.047619
000757 6019   0.041701
000758 115    0.043478
000759 59     0.050847
000760 905    0.037569
000761 1367   0.038040
000762 8911   0.112558
000763 531    0.037665
000764 23047  0.272877
000765 26511  0.134472
000766 89103  0.276309
000767 44769  0.194554
000768 79     0.050633
000769 81     0.037037
000770 4395   0.042093
000771 5271   0.042117
000772 55     0.072727
000773 551    0.058076
000774 1573   0.059123
000775 52953  0.235643
000776 1047253 1.407442
000777 30517  0.170397
000778 259451 0.531677
000779 2221   0.051778
000780 6039   0.049512
000781 2203   0.044939
000782 3009   0.040545
000783 8105   0.118692
000784 9137   0.118091
000785 326111 0.621436
000786 6061   0.054116
000787 55     0.072727
000788 249503 0.521304
000789 682349 1.028249
000790 495    0.066667
000791 469    0.057569
000792 1383   0.065076
000793 57     0.087719
000794 18441  0.332574
000795 14259  0.356617
000796 819677 1.173243
000797 63     0.095238
000798 74865  0.236439
000799 10815  0.122792
000800 29539  0.170554
000801 14013  0.245130
000802 195    0.041026
000803 59     0.067797
000804 47089  0.215974
000805 795715 1.142500
000806 116075 0.302572
000807 3599   0.043901
000808 57639  0.207047
000809 16937  0.247860
000810 4385   0.044242
000811 1697   0.063642
000812 31399  0.224848
000813 143    0.062937
000814 357    0.056022
000815 8391   0.153974
000816 129    0.108527
000817 11389  0.182193
000818 66085  0.302504
000819 149305 0.367275
000820 4945   0.051365
000821 31091  0.195266
000822 57     0.105263
000823 90049  0.286066
000824 4981   0.040554
000825 95     0.063158
000826 7153   0.121068
000827 231411 0.490625
000828 712455 1.057852
000829 455793 0.781800
000830 9219   0.126586
000831 205    0.043902
000832 665    0.039098
000833 26039  0.137064
000834 341    0.041056
000835 470683 0.826522
000836 2091   0.052128
000837 18455  0.236250
000838 3645   0.044444
000839 180335 0.414384
000840 3039   0.051662
000841 687    0.065502
000842 40135  0.271010
000843 63     0.063492
000844 609    0.039409
000845 184049 0.423523
000846 105    0.095238
000847 1015   0.066995
000848 5153   0.051038
000849 1183439 1.527204
000850 29069  0.175548
000851 941239 1.308462
000852 499451 0.840543
000853 699    0.062947
000854 905    0.058564
000855 63181  0.214827
000856 27493  0.135998
000857 2067   0.037252
000858 456147 0.801101
000859 126375 0.335786
000860 4535   0.049835
000861 1087709 1.435113
000862 1333   0.051763
000863 941    0.055260
000864 12061  0.125694
000865 1073327 1.423015
000866 825    0.053333
000867 315955 0.626450
000868 12277  0.126334
000869 4485   0.041695
000870 137    0.065693
000871 3295   0.040364
000872 987    0.039514
000873 497    0.058350
000874 779    0.037227
000875 102953 0.304090
000876 79     0.075949
000877 157    0.063694
000878 23097  0.280643
000879 2175   0.040000
000880 579433 0.955935
000881 83     0.277108
000882 167    0.071856
000883 93789  0.282976
000884 541    0.044362
000885 14967  0.251353
000886 65501  0.216531
000887 1041   0.039385
000888 2701   0.045539
000889 109    0.073394
000890 29555  0.176518
000891 282399 0.604577
000892 571    0.064799
000893 10643  0.126374
000894 3051   0.045231
000895 95     0.052632
000896 63     0.047619
000897 22061  0.272517
000898 404657 0.711820
000899 16359  0.252216
000900 188039 0.430533
000901 877    0.055872
000902 708401 1.065823
000903 2341   0.055105
000904 112267 0.301139
000905 593905 0.927711
000906 355    0.073239
000907 374543 0.677263
000908 53     0.113208
000909 19739  0.242971
000910 69     0.057971
000911 134373 0.352653
000912 37507  0.193217
000913 8617   0.117558
000914 187957 0.442761
000915 459    0.067538
000916 539    0.053803
000917 11535  0.125878
000918 51     0.078431
000919 186255 0.516673
000920 35671  0.300552
000921 18167  0.356911
000922 7453   0.184758
000923 289    0.069204
000924 2579   0.062815
000925 2133   0.061885
000926 23211  0.330748
000927 3109   0.040528
000928 824469 1.184815
000929 4517   0.060217
000930 629509 0.985528
000931 32309  0.173605
000932 373761 0.675940
000933 13627  0.126220
000934 33     0.060606
000935 79885  0.260612
000936 10835  0.122289
000937 111    0.045045
000938 13841  0.249693
000939 227    0.044053
000940 239707 0.517290
000941 4865   0.056115
000942 25799  0.140083
000943 71     0.042254
000944 91     0.065934
000945 153    0.045752
000946 40241  0.188564
000947 91     0.076923
000948 1113   0.061096
000949 8945   0.180771
000950 131    0.076336
000951 1491   0.063045
000952 4099   0.064406
000953 1091885 1.436410
000954 227747 0.489069
000955 13625  0.120000
000956 65     0.061538
000957 1555   0.038585
000958 53     0.056604
000959 43     0.069767
000960 3127   0.039974
000961 73909  0.232056
000962 997585 1.337299
000963 35     0.142857
000964 28819  0.170166
000965 5461   0.045962
000966 60893  0.204588
000967 1375   0.040727
000968 144813 0.359436
000969 20925  0.266045
000970 251    0.039841
000971 410659 0.759336
000972 161    0.080745
000973 81     0.074074
000974 329    0.063830
000975 7803   0.127515
000976 123    0.048780
000977 16891  0.248061
000978 135477 0.357345
000979 173    0.069364
000980 5539   0.052175
000981 131    0.061069
000982 2661   0.047351
000983 287859 0.583838
000984 43463  0.189541
000985 2859   0.040923
000986 79161  0.256768
000987 3533   0.044438
000988 650791 1.006444
000989 25435  0.144800
000990 25925  0.138592
000991 111    0.045045
000992 121    0.041322
000993 18129  0.244801
000994 53     0.056604
000995 1189   0.047098
000996 1045199 1.381703
000997 75     0.146667
000998 2453   0.073787
000999 71     0.084507
001000 273149 0.575979
001001 92745  0.282948
001002 54553  0.173373
001003 14125  0.244673
001004 74295  0.233219
001005 36731  0.194958
001006 513    0.037037
001007 327    0.039755
001008 485    0.039175
001009 62245  0.217881
001010 20841  0.270668
001011 421567 0.740532
001012 28431  0.172945
001013 139    0.043165
001014 130657 0.350352
001015 221    0.058824
001016 54487  0.175602
001017 177    0.045198
001018 117    0.042735
001019 197    0.040609
001020 402071 0.722417
001021 443619 0.769458
001022 195    0.082051
001023 12293  0.125600
001024 9011   0.121851
001025 24465  0.144451
001026 30299  0.173207
001027 3597   0.043091
001028 1453   0.055747
001029 633    0.060032
001030 2215   0.065914
001031 557    0.057451
001032 24599  0.150413
001033 1017   0.039331
001034 261    0.045977
001035 5745   0.042646
001036 252851 0.526804
001037 1065   0.057277
001038 14579  0.255299
001039 17047  0.237402
001040 983    0.038657
001041 113899 0.304902
001042 40549  0.191719
001043 92919  0.290877
001044 37801  0.193910
001045 87     0.057471
001046 2851   0.040337
001047 965    0.049741
001048 133    0.060150
001049 1113   0.037736
001050 435073 0.759450
001051 185    0.075676
001052 28087  0.187204
001053 275503 0.589282
001054 19015  0.246121
001055 260875 0.545380
001056 330015 0.630583
001057 1090079 1.442381
001058 2757   0.052593
001059 5923   0.053351
001060 57     0.070175
001061 83     0.072289
001062 3783   0.045731
001063 18983  0.238951
001064 1341   0.046234
001065 269393 0.518915
001066 375817 0.715718
001067 3605   0.057143
001068 361    0.058172
001069 853    0.038687
001070 325    0.040000
001071 16723  0.247922
001072 13015  0.113792
001073 3619   0.044764
001074 196015 0.436543
001075 4791   0.058025
001076 29115  0.170977
001077 161    0.043478
001078 75     0.080000
001079 263833 0.579238
001080 8993   0.131658
001081 591527 0.934032
001082 5109   0.060090
001083 35     0.085714
001084 9833   0.125496
001085 515    0.038835
001086 1599   0.038149
001087 5713   0.042710
001088 41     0.048780
001089 6543   0.043099
001090 5493   0.042418
001091 11857  0.119676
001092 49     0.061224
001093 74877  0.230712
001094 23553  0.186940
001095 73     0.054795
001096 14449  0.258911
001097 47787  0.202042
001098 159455 0.382171
001099 78975  0.260652
001100 231    0.056277
001101 9847   0.123185
001102 11751  0.127734
001103 443    0.040632
001104 393    0.040712
001105 875565 1.226015
001106 11723  0.187068
001107 668123 1.033967
001108 203    0.078818
001109 2583   0.051103
001110 8815   0.127170
001111 13317  0.119096
001112 1361   0.038207
001113 969    0.039216
001114 4817   0.041935
001115 6063   0.042718
001116 461    0.058568
001117 543    0.055249
001118 191    0.062827
001119 983    0.037640
001120 14207  0.249173
001121 1049837 1.386590
001122 8003   0.127577
001123 587    0.040886
001124 95     0.063158
001125 41459  0.194554
001126 1317   0.038724
001127 6463   0.045180
001128 168687 0.413926
001129 19773  0.245284
001130 365351 0.694116
001131 351863 0.664017
001132 74647  0.235160
001133 149    0.046980
001134 744393 1.091771
001135 56501  0.204952
001136 523361 0.866498
001137 13621  0.124293
001138 171459 0.375279
001139 3959   0.047992
001140 39745  0.203850
001141 1061511 1.429925
001142 561    0.057041
001143 57     0.070175
001144 45     0.066667
001145 185    0.059459
001146 11581  0.123478
001147 6607   0.043741
001148 618371 0.994450
001149 71     0.098592
001150 1063   0.070555
001151 9347   0.125709
001152 123    0.040650
001153 3339   0.041330
001154 271    0.062731
001155 227    0.048458
001156 13941  0.250699
001157 3325   0.045113
001158 645    0.055814
001159 126045 0.341172
001160 29737  0.191647
001161 35     0.114286
001162 76085  0.251994
001163 141    0.063830
001164 192977 0.438975
001165 1194469 1.538102
001166 67     0.104478
001167 309    0.074434
001168 200081 0.457410
001169 541    0.081331
001170 17057  0.366067
001171 47     0.106383
001172 148845 0.365830
001173 3567   0.073171
001174 805    0.053416
001175 61135  0.248843
001176 545    0.060550
001177 3175   0.068661
001178 47     0.085106
001179 877    0.058153
001180 103425 0.289311
001181 14585  0.251148
001182 139    0.050360
001183 9507   0.120964
001184 143    0.048951
001185 26989  0.134722
001186 95945  0.288353
001187 370007 0.665182
001188 12875  0.126214
001189 397    0.037783
001190 735    0.038095
001191 101    0.039604
001192 375    0.040000
001193 333    0.036036
001194 897    0.035674
001195 23403  0.138572
001196 156143 0.389752
001197 121    0.074380
001198 859    0.068685
001199 613    0.058728
001200 3573   0.047299
001201 37827  0.195152
001202 97     0.051546
001203 206689 0.454673
001204 53611  0.176531
001205 771    0.038911
001206 107821 0.352529
001207 971219 1.310848
001208 173    0.075145
001209 143189 0.365650
001210 81     0.061728
001211 1054247 1.395974
001212 45     0.111111
001213 36139  0.191068
001214 39285  0.189182
001215 729835 1.084544
001216 163    0.079755
001217 32015  0.210526
001218 365853 0.662859
001219 888457 1.252460
001220 333913 0.631359
001221 80315  0.295051
001222 4707   0.070746
001223 2635   0.040987
001224 27097  0.139056
001225 258573 0.536239
001226 64947  0.239426
001227 139    0.050360
001228 229    0.078603
001229 1671   0.040096
001230 911    0.038419
001231 1341   0.038031
001232 163    0.042945
001233 672839 1.029154
001234 377299 0.690110
001235 135367 0.349155
001236 44851  0.202292
001237 8787   0.119039
001238 67     0.044776
001239 311    0.041801
001240 91057  0.283141
001241 3709   0.046913
001242 71     0.084507
001243 130215 0.338939
001244 11137  0.126156
001245 34963  0.217315
001246 396225 0.721580
001247 939    0.055378
001248 382209 0.697003
001249 509    0.066798
001250 284653 0.604501
001251 567    0.063492
001252 643    0.046656
001253 14675  0.252538
001254 309    0.042071
001255 3223   0.041576
001256 143189 0.355481
001257 47     0.425532
001258 82917  0.284284
001259 165    0.048485
001260 114079 0.301370
001261 990031 1.331763
001262 10241  0.131628
001263 71723  0.228365
001264 32079  0.189127
001265 35753  0.218108
001266 2377   0.041228
001267 115    0.069565
001268 756865 1.095310
001269 1130065 1.499334
001270 2909   0.056377
001271 85     0.047059
001272 1026017 1.375334
001273 35235  0.215184
001274 207495 0.494253
001275 52553  0.206610
001276 85     0.094118
001277 11631  0.184249
001278 65     0.092308
001279 475733 0.791604
001280 102717 0.291860
001281 375945 0.689388
001282 117    0.128205
001283 23389  0.411647
001284 5291   0.061803
001285 197    0.065990
001286 923    0.058505
001287 5757   0.063227
001288 585915 0.924639
001289 15735  0.257769
001290 36987  0.198475
001291 213    0.042254
001292 439    0.038724
001293 22609  0.332567
001294 47557  0.206468
001295 85     0.058824
001296 2055   0.039416
001297 617785 0.980108
001298 255    0.082353
001299 393839 0.729372
001300 177    0.084746
001301 1185   0.048945
001302 273    0.043956
001303 137031 0.346549
001304 37     0.081081
001305 99437  0.293352
001306 51     0.058824
001307 9397   0.120570
001308 505013 0.872736
001309 21059  0.278361
001310 62655  0.218929
001311 157    0.044586
001312 113    0.044248
001313 177329 0.415223
001314 135    0.081481
001315 1575   0.062222
001316 47779  0.203646
001317 36143  0.194228
001318 4445   0.060292
001319 6161   0.046583
001320 390099 0.717908
001321 2145   0.051748
001322 251    0.039841
001323 34573  0.221213
001324 66573  0.222162
001325 717    0.039052
001326 430239 0.745514
001327 111    0.099099
001328 131    0.061069
001329 551    0.074410
001330 217545 0.487816
001331 49     0.122449
001332 164905 0.413523
001333 70615  0.290746
001334 90699  0.360202
001335 280483 0.562490
001336 277    0.140794
001337 1419   0.059197
001338 248789 0.522957
001339 5225   0.054545
001340 172267 0.448310
001341 1047   0.055396
001342 28855  0.190192
001343 46205  0.189373
001344 22723  0.287330
001345 282789 0.582696
001346 59901  0.209212
001347 619311 0.978812
001348 329    0.075988
001349 164411 0.371611
001350 174731 0.414162
001351 6647   0.052655
001352 247    0.060729
001353 635    0.056693
001354 1569   0.041428
001355 136189 0.370235
001356 99     0.080808
001357 89     0.067416
001358 39183  0.190236
001359 275    0.040000
001360 39969  0.187370
001361 360057 0.660429
001362 211833 0.447895
001363 487381 0.812988
001364 313    0.070288
001365 15017  0.257775
001366 127    0.047244
001367 4205   0.053508
001368 113    0.044248
001369 54299  0.174884
001370 75201  0.238893
001371 134217 0.345724
001372 336111 0.656423
001373 345    0.069565
001374 42025  0.206829
001375 4331   0.041792
001376 36597  0.192666
001377 217961 0.511261
001378 4783   0.063349
001379 957677 1.305224
001380 27657  0.174025
001381 239    0.046025
001382 233    0.064378
001383 431    0.039443
001384 825    0.048485
001385 73603  0.232640
001386 3685   0.042334
001387 799    0.038798
001388 155    0.045161
001389 565    0.038938
001390 15563  0.291461
001391 1329   0.039127
001392 5731   0.045018
001393 795    0.038994
001394 339    0.041298
001395 108927 0.292829
001396 420891 0.743173
001397 77159  0.233285
001398 46751  0.191504
001399 617413 0.943780
001400 279069 0.552580
001401 37     0.135135
001402 669    0.058296
001403 91     0.043956
001404 33     0.030303
001405 1593   0.047081
001406 405    0.039506
001407 28853  0.174159
001408 125    0.048000
001409 15573  0.244911
001410 48693  0.214322
001411 431    0.044084
001412 103    0.058252
001413 1127691 1.479068
001414 314241 0.627662
001415 858923 1.207164
001416 26117  0.140024
001417 767    0.039113
001418 122081 0.343403
001419 87     0.103448
001420 16823  0.330857
001421 21413  0.324382
001422 571    0.063047
001423 149    0.067114
001424 35     0.085714
001425 32103  0.190418
001426 7983   0.147814
001427 223    0.053812
001428 341    0.052786
001429 63     0.063492
001430 27441  0.198462
001431 63     0.095238
001432 4189   0.066364
001433 430355 0.758757
001434 93     0.096774
001435 41     0.073171
001436 112837 0.305760
001437 1086889 1.433542
001438 400971 0.752341
001439 11779  0.186603
001440 295    0.067797
001441 2547   0.061249
001442 113093 0.301663
001443 17481  0.243121
001444 723657 1.091072
001445 2221   0.054030
001446 1181   0.038950
001447 626065 1.010633
001448 773    0.063389
001449 6349   0.053237
001450 383    0.060052
001451 1093907 1.444930
001452 205    0.117073
001453 33427  0.263888
001454 152845 0.376146
001455 26641  0.136969
001456 22079  0.272793
001457 1479   0.039216
001458 97895  0.299913
001459 50713  0.216217
001460 185    0.048649
001461 21771  0.273116
001462 41359  0.184386
001463 230165 0.505190
001464 413    0.065375
001465 197    0.060914
001466 12535  0.133147
001467 11191  0.121437
001468 85     0.047059
001469 20417  0.241514
001470 2549   0.037270
001471 42869  0.196109
001472 91     0.043956
001473 33     0.090909
001474 13577  0.113501
001475 37455  0.191937
001476 22171  0.276397
001477 227897 0.479747
001478 2113   0.051112
001479 36051  0.197248
001480 18455  0.235383
001481 12637  0.119728
001482 15671  0.246506
001483 146345 0.373877
001484 11881  0.147883
001485 1121   0.037467
001486 7101   0.116603
001487 69     0.086957
001488 17977  0.350948
001489 262379 0.525419
001490 63901  0.228619
001491 2475   0.044040
001492 61719  0.202369
001493 83327  0.275541
001494 116895 0.299423
001495 797    0.041405
001496 309251 0.604920
001497 229    0.082969
001498 177    0.062147
001499 79     0.063291
001500 265    0.060377
001501 1489   0.067159
001502 963677 1.332869
001503 49437  0.223537
001504 73     0.054795
001505 3719   0.041140
001506 3825   0.038954
001507 16359  0.248365
001508 847    0.038961
001509 61     0.049180
001510 1977   0.038948
001511 1579   0.037999
001512 1931   0.038840
001513 24495  0.140192
001514 105    0.047619
001515 1251   0.038369
001516 3441   0.040105
001517 909331 1.236647
001518 357    0.067227
001519 111    0.063063
001520 11321  0.148927
001521 85     0.058824
001522 9719   0.123264
001523 2075   0.040000
001524 113295 0.330897
001525 908109 1.241385
001526 787    0.057179
001527 32651  0.185814
001528 787    0.054638
001529 249    0.056225
001530 89189  0.279104
001531 49     0.081633
001532 25529  0.140115
001533 2703   0.039956
001534 12079  0.122858
001535 483769 0.823744
001536 204601 0.446322
001537 743    0.049798
001538 1136821 1.488603
001539 782765 1.127692
001540 31925  0.187878
001541 471303 0.799965
001542 939    0.054313
001543 265    0.064151
001544 65     0.046154
001545 91453  0.283381
001546 4267   0.045465
001547 13587  0.118275
001548 213329 0.453356
001549 9705   0.128697
001550 105    0.047619
001551 164257 0.382699
001552 372063 0.660541
001553 158515 0.361411
001554 434663 0.767503
001555 541859 0.879373
001556 15261  0.251491
001557 23063  0.272991
001558 40449  0.187223
001559 416669 0.744675
001560 22133  0.283423
001561 398653 0.716791
001562 64541  0.219364
001563 25123  0.137643
001564 3309   0.040496
001565 8109   0.116661
001566 2801   0.039629
001567 23943  0.140208
001568 1197   0.038429
001569 465    0.038710
001570 5857   0.042855
001571 61     0.065574
001572 305773 0.619865
001573 137    0.080292
001574 905    0.051934
001575 406429 0.709356
001576 425    0.084706
001577 375    0.077333
001578 41     0.097561
001579 10009  0.124588
001580 9281   0.117121
001581 2357   0.046245
001582 12533  0.176414
001583 13133  0.165004
001584 91     0.087912
001585 437    0.082380
001586 1919   0.059406
001587 3737   0.063955
001588 46047  0.266054
001589 822055 1.189883
001590 1145   0.055895
001591 34209  0.187904
001592 13657  0.116790
001593 6481   0.043203
001594 85943  0.278766
001595 14553  0.258091
001596 55     0.072727
001597 1771   0.038961
001598 238097 0.498163
001599 336735 0.631280
001600 105    0.123810
001601 1969   0.070594
001602 243    0.069959
001603 233325 0.519816
001604 2347   0.058372
001605 263    0.053232
001606 2203   0.058557
001607 14819  0.256697
001608 9303   0.119961
001609 2611   0.043278
001610 10015  0.119021
001611 897297 1.242850
001612 5037   0.056383
001613 593501 0.934534
001614 3587   0.053805
001615 163959 0.375417
001616 943    0.045599
001617 7215   0.121275
001618 14135  0.249664
001619 81     0.061728
001620 915    0.049180
001621 33777  0.198241
001622 85543  0.283787
001623 59     0.067797
001624 97443  0.296296
001625 333    0.042042
001626 149    0.046980
001627 95     0.042105
001628 63     0.031746
001629 1081931 1.413455
001630 189    0.079365
001631 331105 0.677021
001632 123    0.089431
001633 1103   0.052584
001634 86085  0.278260
001635 1215   0.040329
001636 5057   0.050425
001637 1039   0.038499
001638 20279  0.234874
001639 483    0.039337
001640 43     0.069767
001641 387117 0.687469
001642 59673  0.202872
001643 11049  0.121097
001644 91     0.043956
001645 337    0.044510
001646 857    0.038506
001647 1019   0.037291
001648 86911  0.271818
001649 30735  0.187734
001650 171105 0.408176
001651 2071   0.047320
001652 62805  0.218709
001653 261    0.045977
001654 116869 0.301731
001655 8215   0.120755
001656 119    0.067227
001657 68931  0.223455
001658 85773  0.278724
001659 20081  0.239480
001660 103653 0.306880
001661 361    0.047091
001662 317691 0.635051
001663 3701   0.053229
001664 571    0.052539
001665 1309   0.055004
001666 211    0.066351
001667 573    0.057592
001668 237357 0.528845
001669 695407 1.044127
001670 2555   0.064579
001671 5673   0.062930
001672 15867  0.298859
001673 925    0.041081
001674 75     0.053333
001675 145    0.041379
001676 366649 0.677299
001677 131285 0.345988
001678 667    0.058471
001679 3127   0.074512
001680 307    0.065147
001681 58287  0.246779
001682 2417   0.067439
001683 495    0.062626
001684 67     0.074627
001685 77603  0.249436
001686 4425   0.043390
001687 4937   0.043346
001688 17553  0.136900
001689 8063   0.115590
001690 153669 0.386285
001691 147175 0.389339
001692 18297  0.248839
001693 51     0.058824
001694 646679 1.012878
001695 2737   0.049689
001696 1151   0.038228
001697 9829   0.123614
001698 97     0.051546
001699 141    0.063830
001700 191    0.057592
001701 929    0.037675
001702 94685  0.290057
001703 385213 0.712123
001704 155209 0.382330
001705 551703 0.886800
001706 2045   0.051834
001707 11289  0.124103
001708 49     0.061224
001709 85251  0.276877
001710 8153   0.121550
001711 30509  0.174309
001712 255    0.039216
001713 105435 0.287210
001714 2901   0.050327
001715 209141 0.478835
001716 135    0.088889
001717 7205   0.125191
001718 35     0.057143
001719 98547  0.300232
001720 1589   0.042165
001721 108977 0.299485
001722 95     0.052632
001723 44275  0.192818
001724 178257 0.417588
001725 290549 0.619052
001726 19765  0.339691
001727 8465   0.185115
001728 48373  0.238832
001729 1147   0.040976
001730 35     0.085714
001731 1297   0.039322
001732 425755 0.756245
001733 279707 0.559292
001734 50559  0.218102
001735 8661   0.118924
001736 17811  0.244007
001737 45371  0.198894
001738 10655  0.122102
001739 67     0.059701
001740 15239  0.250082
001741 15483  0.247174
001742 37277  0.194114
001743 167159 0.399703
001744 107    0.093458
001745 99641  0.281139
001746 1080411 1.434479
001747 8787   0.126664
001748 58769  0.211030
001749 449219 0.786997
001750 118589 0.319971
001751 146251 0.369495
001752 449567 0.778095
001753 1649   0.055791
001754 453475 0.780241
001755 617    0.064830
001756 475935 0.811838
001757 1057533 1.417092
001758 16599  0.299295
001759 20223  0.241062
001760 5995   0.044037
001761 247149 0.519958
001762 463    0.069114
001763 325485 0.634352
001764 658339 1.009454
001765 4599   0.058274
001766 16523  0.254373
001767 1967   0.060498
001768 1311   0.038139
001769 49     0.102041
001770 225    0.040000
001771 51     0.078431
001772 2641   0.040136
001773 5303   0.042995
001774 1086595 1.438246
001775 776653 1.115420
001776 353    0.062323
001777 27653  0.171591
001778 363205 0.697072
001779 59     0.152542
001780 147    0.088435
001781 17539  0.324705
001782 3099   0.046144
001783 2701   0.039985
001784 229    0.056769
001785 3179   0.039635
001786 3663   0.040677
001787 850253 1.204426
001788 3303   0.057523
001789 340699 0.646086
001790 473    0.120507
001791 954073 1.293306
001792 1050059 1.410620
001793 85     0.105882
001794 1757   0.067160
001795 71     0.070423
001796 1817   0.040176
001797 132269 0.352154
001798 14911  0.260948
001799 5923   0.046260
001800 1349   0.037064
001801 2659   0.039489
001802 6539   0.043279
001803 35     0.057143
001804 422585 0.750159
001805 38775  0.189632
001806 83     0.048193
001807 93     0.075269
001808 1595   0.038871
001809 6979   0.119788
001810 251483 0.523821
001811 38591  0.261486
001812 57     0.070175
001813 115    0.069565
001814 1887   0.061473
001815 188377 0.452136
001816 135    0.081481
001817 119035 0.315722
001818 94493  0.292635
001819 265    0.056604
001820 1741   0.063756
001821 4543   0.069778
001822 951    0.058885
001823 510829 0.835894
001824 581749 0.931042
001825 290399 0.588986
001826 185    0.086486
001827 207829 0.468202
001828 111697 0.301834
001829 109    0.064220
001830 282845 0.588750
001831 64821  0.216473
001832 61     0.081967
001833 2189   0.041571
001834 33     0.060606
001835 119    0.042017
001836 265    0.037736
001837 196923 0.451288
001838 81     0.074074
001839 3351   0.050433
001840 55     0.036364
001841 289917 0.585150
001842 7621   0.126230
001843 540237 0.891503
001844 255    0.105882
001845 333    0.063063
001846 335597 0.640885
001847 79679  0.287353
001848 1145743 1.496977
001849 7309   0.136818
001850 8211   0.118378
001851 56965  0.194646
001852 1461   0.041068
001853 336621 0.642488
001854 47813  0.249514
001855 11439  0.166186
001856 2415   0.067909
001857 3921   0.063759
001858 467    0.062099
001859 21209  0.406573
001860 107    0.056075
001861 89819  0.287745
001862 508411 0.852847
001863 31735  0.189381
001864 187    0.042781
001865 4295   0.044237
001866 1137   0.038698
001867 834055 1.199148
001868 279709 0.573921
001869 377    0.079576
001870 6223   0.076812
001871 852307 1.215631
001872 397253 0.698598
001873 678807 1.036046
001874 34503  0.219459
001875 33     0.090909
001876 173    0.063584
001877 33     0.090909
001878 945873 1.289174
001879 691    0.062229
001880 869509 1.239549
001881 33     0.151515
001882 539    0.068646
001883 198831 0.435853
001884 101    0.089109
001885 12217  0.126218
001886 46197  0.191722
001887 3161   0.039544
001888 139253 0.355813
001889 2941   0.051343
001890 1187   0.057287
001891 41     0.097561
001892 858009 1.202377
001893 481543 0.811018
001894 838905 1.187313
001895 860221 1.207692
001896 537    0.087523
001897 299    0.056856
001898 8445   0.126584
001899 72315  0.231142
001900 39261  0.190367
001901 839    0.039333
001902 4755   0.042271
001903 21815  0.275178
001904 6445   0.041893
001905 975    0.037949
001906 26753  0.138265
001907 65265  0.221727
001908 895439 1.258840
001909 219    0.082192
001910 29205  0.173874
001911 3901   0.043322
001912 161969 0.384685
001913 1897   0.053769
001914 77     0.064935
001915 15951  0.297223
001916 861    0.039489
001917 2603   0.046101
001918 3437   0.040442
001919 415    0.038554
001920 13479  0.115290
001921 1001319 1.353934
001922 753141 1.108016
001923 139    0.086331
001924 634783 0.983772
001925 617    0.059968
001926 159    0.062893
001927 12615  0.126437
001928 45603  0.189395
001929 685    0.040876
001930 45     0.066667
001931 2985   0.041206
001932 15743  0.248237
001933 117    0.051282
001934 46629  0.190825
001935 194635 0.438457
001936 660647 1.029728
001937 400347 0.726590
001938 33     0.151515
001939 37     0.081081
001940 644441 0.995947
001941 1857   0.062466
001942 373    0.056300
001943 161    0.062112
001944 2033   0.040826
001945 1361   0.037472
001946 781    0.037132
001947 983    0.037640
001948 937    0.037353
001949 7113   0.119781
001950 27069  0.136171
001951 87587  0.275029
001952 63     0.063492
001953 415    0.062651
001954 185927 0.426275
001955 936075 1.303459
001956 229887 0.500694
001957 135    0.088889
001958 137881 0.368687
001959 14795  0.291788
001960 38897  0.187135
001961 136225 0.404434
001962 8507   0.200423
001963 11507  0.188842
001964 6447   0.071041
001965 665453 1.028904
001966 86077  0.294957
001967 411661 0.738836
001968 7003   0.124661
001969 7659   0.116334
001970 745981 1.085469
001971 787    0.055909
001972 3421   0.054662
001973 335    0.038806
001974 69821  0.229215
001975 567    0.042328
001976 523045 0.863379
001977 7481   0.142361
001978 6781   0.054859
001979 80247  0.268982
001980 581601 0.923183
001981 149751 0.367897
001982 1191   0.047859
001983 35     0.114286
001984 241    0.058091
001985 676759 1.030429
001986 174019 0.472362
001987 33573  0.227683
001988 43123  0.193539
001989 191381 0.433110
001990 213    0.070423
001991 1146601 1.496835
001992 328283 0.642881
001993 1055   0.054028
001994 104631 0.303132
001995 339937 0.641801
001996 76127  0.250056
001997 230771 0.506259
001998 386899 0.740547
001999 373    0.093834
