000000 463391 4.634039 168
000001 127    1.141732 0
000002 61837  1.704125 22
000003 45     1.177778 0
000004 173    1.092486 0
000005 415677 4.254657 151
000006 1183   1.195266 0
000007 2279   1.099166 0
000008 891    1.032548 0
000009 17789  1.452527 6
000010 382135 3.572842 138
000011 22071  1.446332 8
000012 263773 2.919298 95
000013 10945  1.428689 4
000014 442043 3.944661 160
000015 197197 2.491640 72
000016 3641   1.275748 1
000017 642775 5.275832 233
000018 173197 2.385474 63
000019 6293   1.363261 2
000020 36131  1.551327 13
000021 502381 4.338590 182
000022 4293   1.351270 1
000023 35     1.057143 0
000024 32693  1.507723 12
000025 417    1.122302 0
000026 813    1.277983 0
000027 407    1.078624 0
000028 50787  1.619155 19
000029 1024265 7.755988 371
000030 1669   1.095866 0
000031 59695  1.672904 21
000032 9511   1.608664 3
000033 947    1.073918 0
000034 76303  1.836389 28
000035 41     1.292683 0
000036 7701   1.464615 2
000037 502027 4.378306 182
000038 81     1.172840 0
000039 287    1.073171 0
000040 2041   1.117099 0
000041 455679 3.992098 165
000042 1093   1.068618 0
000043 6549   1.386777 2
000044 272063 3.030982 98
000045 14847  1.456186 5
000046 204283 2.666110 74
000047 605009 5.081518 219
000048 8857   1.335667 3
000049 21711  1.517986 8
000050 153183 2.238244 56
000051 80809  1.978975 29
000052 2341   1.152072 0
000053 125    1.040000 0
000054 213    1.093897 0
000055 471405 4.489940 171
000056 971761 7.220701 352
000057 2563   2.259852 0
000058 27815  2.744634 10
000059 71365  2.536776 26
000060 1013   1.534057 0
000061 97513  2.652251 36
000062 87609  1.873700 32
000063 39     1.307692 0
000064 720181 5.734135 261
000065 642823 5.668031 233
000066 315211 3.250921 114
000067 646439 5.374933 234
000068 1821   1.264141 0
000069 35969  1.641608 13
000070 56525  1.696418 20
000071 3145   1.230843 1
000072 4723   1.547110 1
000073 12679  1.413676 4
000074 14007  1.399657 5
000075 8409   1.327506 3
000076 657427 5.334314 238
000077 129    1.131783 0
000078 1511   1.076770 0
000079 71009  1.714543 26
000080 137    1.204380 0
000081 699    1.058655 0
000082 43257  1.560626 16
000083 219    1.219178 0
000084 113    1.026549 0
000085 7699   1.381998 2
000086 1083833 7.883164 393
000087 26789  1.525104 10
000088 129    1.031008 0
000089 1903   1.056752 0
000090 273563 3.045397 99
000091 292067 3.052087 106
000092 39235  1.652428 14
000093 88699  1.880889 32
000094 37     1.378378 0
000095 110493 1.989945 40
000096 5895   1.483121 2
000097 202431 2.521580 74
000098 20551  1.462508 7
000099 171    1.035088 0
000100 24541  1.456583 9
000101 58545  1.681715 21
000102 2711   1.320546 1
000103 253    1.027668 0
000104 1141   1.089395 0
000105 39981  1.560166 15
000106 21315  1.473329 8
000107 70503  1.788945 25
000108 228529 3.097427 83
000109 375    1.133333 0
000110 189    1.026455 0
000111 33755  1.584625 12
000112 154233 2.346651 56
000113 381    1.099738 0
000114 661573 5.429910 240
000115 1195   1.312971 0
000116 7197   1.462137 2
000117 87     1.264368 0
000118 1923   1.365575 0
000119 28737  1.590389 10
000120 49     1.877551 0
000121 293    1.081911 0
000122 747571 5.969145 271
000123 111    1.135135 0
000124 3213   1.253346 1
000125 2641   1.160545 1
000126 2997   1.201201 1
000127 355    1.028169 0
000128 47     1.042553 0
000129 97     1.030928 0
000130 387    1.077519 0
000131 25247  1.502159 9
000132 9143   1.405447 3
000133 22729  1.427164 8
000134 604843 5.031800 219
000135 4041   1.324425 1
000136 917319 6.866651 332
000137 29649  1.509798 11
000138 43     1.302326 0
000139 130847 2.135127 47
000140 644191 5.264302 233
000141 18059  1.388781 6
000142 3637   1.314270 1
000143 17025  1.444288 6
000144 9903   1.447945 3
000145 51297  1.666667 19
000146 29911  1.493397 11
000147 485847 4.185980 176
000148 679    1.083947 0
000149 375    1.066667 0
000150 2731   1.399854 1
000151 4575   1.653552 1
000152 279685 3.747316 101
000153 129    1.116279 0
000154 6221   1.348015 2
000155 815    1.040491 0
000156 409    1.242054 0
000157 103    1.029126 0
000158 483885 4.355481 175
000159 39     1.307692 0
000160 25523  1.512165 9
000161 1503   1.138390 0
000162 46923  1.614837 17
000163 594159 4.951811 215
000164 13059  1.369707 4
000165 525163 4.498999 190
000166 73     1.191781 0
000167 669    1.080717 0
000168 115    1.234783 0
000169 484359 4.193297 175
000170 675    1.149630 0
000171 89     1.247191 0
000172 170683 2.434806 62
000173 86927  1.849874 32
000174 314669 3.191249 114
000175 211    1.104265 0
000176 14647  1.407182 5
000177 2171   1.084293 0
000178 984893 7.485788 357
000179 560407 4.845496 203
000180 388367 3.943517 141
000181 65     1.215385 0
000182 5145   1.441011 1
000183 11469  1.453658 4
000184 435451 4.093021 158
000185 6311   1.352876 2
000186 1917   1.038080 0
000187 78441  1.770949 28
000188 51     1.156863 0
000189 499    1.084168 0
000190 187325 2.527015 68
000191 179    1.106145 0
000192 8003   1.389479 3
000193 84771  2.113683 31
000194 18845  1.510321 7
000195 65751  1.716506 24
000196 77     1.688312 0
000197 24795  1.563097 9
000198 211    1.066351 0
000199 7839   1.378747 2
000200 7013   1.384572 2
000201 1637   1.164936 0
000202 33     1.121212 0
000203 37     1.054054 0
000204 959147 7.102987 347
000205 55061  1.651387 19
000206 3491   1.279003 1
000207 33     1.757576 0
000208 415777 4.216077 151
000209 458007 4.472078 166
000210 1367   1.425018 0
000211 90465  2.066678 33
000212 32359  1.487592 12
000213 212417 2.714816 77
000214 13983  1.481227 5
000215 301    1.016611 0
000216 200225 2.609774 73
000217 83     1.530120 0
000218 35     1.028571 0
000219 435    1.271264 0
000220 383    1.046997 0
000221 651    1.089094 0
000222 103    1.097087 0
000223 123    1.219512 0
000224 22943  1.637013 8
000225 52519  1.839906 19
000226 280769 3.099153 102
000227 4887   1.487006 1
000228 305    1.016393 0
000229 734541 5.839485 266
000230 279    1.078853 0
000231 40015  1.611096 15
000232 247303 2.901817 90
000233 4273   1.503861 1
000234 51     1.078431 0
000235 141525 2.342505 51
000236 942301 7.026832 342
000237 31013  1.493599 11
000238 11675  1.370964 4
000239 1285   1.102724 0
000240 71495  1.714567 26
000241 6965   1.404164 2
000242 6135   1.377669 2
000243 65     1.061538 0
000244 1485   1.049832 0
000245 26309  1.500247 10
000246 44771  1.558174 17
000247 41     1.170732 0
000248 14363  1.390517 5
000249 61     1.016393 0
000250 366365 3.611407 133
000251 401    1.144638 0
000252 20707  1.553098 7
000253 605    1.208264 0
000254 2081   1.187890 0
000255 11843  1.447775 4
000256 37983  1.577758 14
000257 102165 2.000117 37
000258 71     1.183099 0
000259 3313   1.241775 1
000260 460551 4.257602 167
000261 73     1.178082 0
000262 309    1.045307 0
000263 22893  1.441882 8
000264 56181  1.640893 20
000265 50943  1.677326 19
000266 20835  1.452700 7
000267 226167 2.687271 82
000268 819    1.120879 0
000269 4069   1.330302 1
000270 42317  1.563580 16
000271 8065   1.309733 3
000272 10187  1.399921 3
000273 117    1.025641 0
000274 636415 5.193977 230
000275 201471 2.523256 73
000276 65     1.200000 0
000277 75     1.053333 0
000278 27987  1.485940 10
000279 203    1.034483 0
000280 77187  1.877803 28
000281 1131   1.157383 0
000282 24481  1.538663 9
000283 1001099 7.225731 362
000284 42647  1.608554 16
000285 35339  1.589009 13
000286 1393   1.168701 0
000287 413    1.106538 0
000288 2817   1.246716 1
000289 58367  1.700224 21
000290 279777 3.024237 101
000291 601319 4.983235 218
000292 25287  1.458655 9
000293 489    1.259714 0
000294 679    1.184094 0
000295 789    1.212928 0
000296 213417 2.632639 77
000297 99     1.626263 0
000298 111    1.081081 0
000299 57215  1.696199 20
000300 217609 2.685620 79
000301 166339 2.385893 60
000302 525    1.245714 0
000303 237    1.021097 0
000304 844035 6.423657 305
000305 4207   1.333492 1
000306 126459 2.147779 46
000307 103915 1.947515 38
000308 4453   1.338424 1
000309 45065  1.587218 17
000310 31243  1.498928 11
000311 27977  1.459377 10
000312 111    1.063063 0
000313 165    1.030303 0
000314 241    1.053942 0
000315 23809  1.444160 9
000316 259    1.057915 0
000317 105    1.028571 0
000318 23601  1.460192 8
000319 94031  1.932352 34
000320 55     1.163636 0
000321 1879   1.067589 0
000322 67     1.313433 0
000323 1285   1.106615 0
000324 2755   1.248276 1
000325 11899  1.439197 4
000326 73873  1.801416 27
000327 447    1.060403 0
000328 839321 6.473869 304
000329 221241 2.711798 80
000330 213495 3.332509 77
000331 277    1.555957 0
000332 11663  1.925148 4
000333 6089   2.597635 2
000334 23965  2.464386 9
000335 53389  2.229692 19
000336 203    1.492611 0
000337 481    1.459459 0
000338 35     1.457143 0
000339 106199 2.636899 38
000340 633919 5.331776 229
000341 45     2.088889 0
000342 17591  1.532431 6
000343 79985  1.807939 29
000344 27277  1.517762 10
000345 540415 4.679783 196
000346 2249   1.242330 0
000347 487    1.197125 0
000348 254491 2.886931 93
000349 91111  1.868293 33
000350 331    1.154079 0
000351 451    1.292683 0
000352 207    1.038647 0
000353 209    1.019139 0
000354 777    1.559846 0
000355 2455   1.188595 0
000356 2309   1.354266 0
000357 3381   1.261461 1
000358 35     1.057143 0
000359 6649   1.478117 2
000360 93     1.193548 0
000361 73     1.027397 0
000362 4781   1.547584 1
000363 498513 4.468854 181
000364 15177  1.678790 5
000365 132901 2.176342 48
000366 1167559 8.150720 423
000367 32277  1.510425 12
000368 97     1.041237 0
000369 22795  1.425137 8
000370 70293  1.777545 25
000371 235    1.255319 0
000372 1009163 7.333407 365
000373 47     1.212766 0
000374 2985   1.259631 1
000375 705    1.090780 0
000376 478421 4.385499 173
000377 209    1.095694 0
000378 5379   1.620004 2
000379 2857   1.239412 1
000380 567495 4.920836 206
000381 3367   1.236412 1
000382 33     1.000000 0
000383 705    1.075177 0
000384 1825   1.049863 0
000385 135    1.037037 0
000386 271    1.099631 0
000387 626867 5.238244 228
000388 623    1.253612 0
000389 915317 7.066280 332
000390 172599 2.376039 62
000391 2845   1.174692 1
000392 289    1.020761 0
000393 59561  1.909723 21
000394 675419 5.361337 245
000395 53153  1.615186 19
000396 385    1.132468 0
000397 4213   1.429860 1
000398 57393  1.661579 20
000399 135    1.533333 0
000400 307    1.032573 0
000401 76621  1.781287 28
000402 3919   1.345241 1
000403 144125 2.144083 52
000404 81     1.271605 0
000405 439731 3.886694 159
000406 731    1.214774 0
000407 23209  1.439872 8
000408 26563  1.494748 10
000409 705689 5.408480 256
000410 14937  1.432885 5
000411 53     1.037736 0
000412 9725   1.360514 3
000413 22097  1.402181 8
000414 40597  1.544252 15
000415 441605 3.911115 160
000416 527    1.070209 0
000417 99     1.030303 0
000418 183    1.021858 0
000419 6855   1.353173 2
000420 37     1.054054 0
000421 117973 1.987523 42
000422 49     1.224490 0
000423 149    1.073826 0
000424 1933   1.092602 0
000425 231265 2.722146 84
000426 51     1.196078 0
000427 20059  1.429832 7
000428 2207   1.074762 0
000429 10545  1.387862 4
000430 374219 3.515719 135
000431 692709 5.318994 251
000432 61     1.196721 0
000433 2525   1.126733 0
000434 93     1.043011 0
000435 300831 3.094877 109
000436 17495  1.375136 6
000437 4101   1.334796 1
000438 387    1.025840 0
000439 198003 2.488705 72
000440 4389   1.360219 1
000441 197819 2.483543 72
000442 1941   1.125193 0
000443 50785  1.642670 19
000444 55     1.163636 0
000445 14573  1.431003 5
000446 1146851 8.024338 416
000447 337    1.074184 0
000448 445    1.312360 0
000449 77     1.090909 0
000450 185    1.037838 0
000451 1535   1.119870 0
000452 31769  1.507633 12
000453 23173  1.428516 8
000454 97957  1.897179 36
000455 703621 5.648298 255
000456 10151  1.498867 3
000457 2919   1.197670 1
000458 1007   1.139027 0
000459 6777   1.503172 2
000460 107    1.084112 0
000461 57     1.105263 0
000462 515439 4.761778 187
000463 249    1.301205 0
000464 49     1.183673 0
000465 633    1.202212 0
000466 4731   1.524202 1
000467 25421  1.599504 9
000468 974115 7.989802 353
000469 39     1.230769 0
000470 6297   1.537081 2
000471 1439   1.307158 0
000472 75     1.026667 0
000473 733851 6.422895 266
000474 5171   1.463353 1
000475 227    1.215859 0
000476 5689   1.528740 2
000477 3721   1.430529 1
000478 4111   1.390902 1
000479 1545   1.176052 0
000480 183311 2.765110 66
000481 9433   1.618785 3
000482 141681 2.443158 52
000483 102861 2.153362 38
000484 65     1.215385 0
000485 111    1.117117 0
000486 4577   1.735853 1
000487 199    1.442211 0
000488 285    1.098246 0
000489 137    1.445255 0
000490 12463  1.630426 4
000491 487    1.468172 0
000492 623    1.353130 0
000493 121745 2.281490 44
000494 379743 3.977587 137
000495 41057  1.629637 15
000496 8543   1.421046 3
000497 970309 7.808750 352
000498 108319 2.173977 39
000499 3281   1.387991 1
000500 59     1.101695 0
000501 5459   1.606705 2
000502 99     1.060606 0
000503 53     1.396226 0
000504 33     1.090909 0
000505 367491 3.918597 133
000506 153927 2.550098 56
000507 56135  1.794976 20
000508 431    1.148492 0
000509 1003501 8.196173 363
000510 375687 4.363734 136
000511 401    1.381546 0
000512 97     1.082474 0
000513 12951  1.555324 4
000514 1331   1.312547 0
000515 81765  2.052419 30
000516 305891 3.838393 111
000517 1629   1.088398 0
000518 716217 6.147268 260
000519 210259 2.710985 76
000520 187    1.112299 0
000521 20703  1.460948 7
000522 2411   1.038158 0
000523 467    1.760171 0
000524 129    1.031008 0
000525 279    1.232975 0
000526 583    1.137221 0
000527 22271  1.466840 8
000528 375    1.077333 0
000529 893    1.167973 0
000530 140749 2.295924 51
000531 882877 7.039056 320
000532 189    1.121693 0
000533 269    1.200743 0
000534 67     1.119403 0
000535 1583   1.136450 0
000536 27689  1.649825 10
000537 1355   1.207380 0
000538 30533  1.699800 11
000539 2989   1.451322 1
000540 9001   1.563826 3
000541 23187  1.579506 8
000542 469    1.185501 0
000543 2299   1.214441 0
000544 107    1.093458 0
000545 289    1.325260 0
000546 69     1.333333 0
000547 538749 5.069736 195
000548 571013 5.352890 207
000549 36861  1.669325 14
000550 16701  1.563799 6
000551 203579 2.866307 74
000552 111    1.306306 0
000553 65099  1.989247 23
000554 542645 5.126729 196
000555 1403   1.177477 0
000556 31267  1.822465 11
000557 749613 6.594688 271
000558 175185 2.756081 63
000559 436649 4.384806 158
000560 53     1.283019 0
000561 10047  1.533592 3
000562 63083  1.747808 23
000563 4419   1.469337 1
000564 13409  1.448579 5
000565 5483   1.406347 2
000566 10243  1.393830 3
000567 1895   1.247493 0
000568 186793 2.504189 68
000569 261973 3.036969 95
000570 296415 3.422607 108
000571 60945  1.797686 22
000572 711    1.091421 0
000573 57     1.087719 0
000574 5017   1.471198 1
000575 1225   1.071837 0
000576 297    1.060606 0
000577 5115   1.470381 1
000578 69     1.072464 0
000579 2263   1.232877 0
000580 186361 2.741341 68
000581 347    1.190202 0
000582 18563  1.562678 7
000583 6043   1.502730 2
000584 633125 5.427134 229
000585 107    1.514019 0
000586 65141  1.780154 23
000587 57     1.157895 0
000588 585675 5.083324 212
000589 15139  1.467666 5
000590 1407   1.041933 0
000591 75     1.040000 0
000592 1597   1.055729 0
000593 747    1.040161 0
000594 3791   1.277236 1
000595 585    1.025641 0
000596 165861 2.622310 60
000597 151    1.225166 0
000598 3891   1.456695 1
000599 42345  1.812186 16
000600 57     1.245614 0
000601 273    1.124542 0
000602 563899 5.069218 205
000603 16723  1.468337 6
000604 1180279 8.865500 428
000605 807    1.132590 0
000606 339309 3.764348 123
000607 32607  1.712669 12
000608 201    1.383085 0
000609 67     1.074627 0
000610 13859  1.633884 5
000611 770377 6.289643 279
000612 5269   1.604479 2
000613 152441 2.440800 56
000614 47     1.212766 0
000615 57     1.070175 0
000616 247129 2.951596 90
000617 751    1.225033 0
000618 127    1.370079 0
000619 3285   1.314460 1
000620 7675   1.499283 2
000621 1473   1.135098 0
000622 1865   1.129759 0
000623 153    1.150327 0
000624 30993  1.642048 11
000625 354171 3.515663 129
000626 6685   1.383844 2
000627 2151   1.049279 0
000628 876071 6.546387 318
000629 3153   1.356486 1
000630 66577  1.774367 24
000631 157    1.369427 0
000632 320823 3.637401 116
000633 17677  1.568649 6
000634 6197   1.577376 2
000635 3709   1.392828 1
000636 178651 2.663993 65
000637 10201  1.437898 3
000638 73     1.054795 0
000639 231    1.467532 0
000640 137229 2.220471 50
000641 95     1.347368 0
000642 39     1.051282 0
000643 8797   1.412982 3
000644 3329   1.235506 1
000645 350971 3.537757 127
000646 150643 2.326434 55
000647 347761 3.482136 126
000648 149637 2.240896 55
000649 191    1.219895 0
000650 241    1.053942 0
000651 39883  1.572324 15
000652 145    1.510345 0
000653 1014217 7.304861 367
000654 978631 7.044176 355
000655 81     1.234568 0
000656 3609   1.325852 1
000657 109201 1.965596 39
000658 7031   1.336936 2
000659 876139 6.463575 318
000660 24037  1.575280 9
000661 45     1.088889 0
000662 495    1.319192 0
000663 1103   1.077969 0
000664 2991   1.358074 1
000665 7625   1.331279 2
000666 24747  1.541682 9
000667 6699   1.489476 2
000668 595    1.173109 0
000669 50999  1.664542 19
000670 37     1.189189 0
000671 219    1.210046 0
000672 41     1.073171 0
000673 3123   1.259046 1
000674 537    1.026071 0
000675 791299 6.004082 286
000676 6505   1.338509 2
000677 61027  1.655890 22
000678 185999 2.400142 67
000679 168729 2.287082 61
000680 557751 4.540856 202
000681 30079  1.466671 11
000682 67     1.044776 0
000683 13399  1.386895 5
000684 243    1.045267 0
000685 239545 2.971755 87
000686 6037   1.461156 2
000687 1119   1.263628 0
000688 17209  1.511418 6
000689 634191 5.065051 229
000690 3751   1.319381 1
000691 905    1.208840 0
000692 137    1.087591 0
000693 4345   1.561565 1
000694 458295 4.105532 166
000695 51359  1.785432 19
000696 127    1.661417 0
000697 37     1.189189 0
000698 115    1.086957 0
000699 16417  1.467138 6
000700 1385   1.112635 0
000701 153    1.032680 0
000702 19811  1.493716 7
000703 113433 2.052048 41
000704 49     1.183673 0
000705 12587  1.413045 4
000706 101    1.316832 0
000707 6949   1.313426 2
000708 559    1.667263 0
000709 1048113 7.514700 380
000710 443691 3.931795 161
000711 83     1.192771 0
000712 173369 2.371912 63
000713 9819   1.376108 3
000714 1237   1.319321 0
000715 1223   1.313982 0
000716 41     1.024390 0
000717 75587  1.772845 27
000718 982411 7.057780 356
000719 781    1.289373 0
000720 432201 3.944091 156
000721 239387 3.615748 87
000722 757    1.449141 0
000723 802421 6.371101 291
000724 969    1.275542 0
000725 21095  1.485897 8
000726 150787 2.441921 55
000727 3247   1.302433 1
000728 7311   1.370674 2
000729 71     1.366197 0
000730 531141 4.739551 192
000731 1927   1.064349 0
000732 1171   1.040991 0
000733 475    1.027368 0
000734 35331  1.618380 13
000735 2423   1.411061 0
000736 4483   1.615659 1
000737 1375   1.279273 0
000738 56743  1.811078 20
000739 2675   1.215701 1
000740 919    1.198041 0
000741 45     1.155556 0
000742 1949   1.151360 0
000743 305685 3.436021 111
000744 193    1.176166 0
000745 5823   1.581659 2
000746 1048635 7.780582 380
000747 501471 4.316567 182
000748 16963  1.411955 6
000749 319    1.025078 0
000750 317    1.242902 0
000751 41     1.048780 0
000752 79863  1.797090 29
000753 41137  1.590223 15
000754 62213  1.682478 22
000755 10379  1.400617 3
000756 63     1.015873 0
000757 6019   1.343246 2
000758 115    1.017391 0
000759 59     1.305085 0
000760 905    1.104972 0
000761 1367   1.038040 0
000762 8911   1.333857 3
000763 531    1.265537 0
000764 23047  1.470647 8
000765 26511  1.443665 10
000766 89103  1.879858 32
000767 44769  1.654806 17
000768 79     1.253165 0
000769 81     1.024691 0
000770 4395   1.508305 1
000771 5271   1.490988 2
000772 55     1.036364 0
000773 551    1.170599 0
000774 1573   1.230134 0
000775 52953  1.597058 19
000776 1047253 7.270881 380
000777 30517  1.482485 11
000778 259451 3.060250 94
000779 2221   1.186403 0
000780 6039   1.375228 2
000781 2203   1.050386 0
000782 3009   1.231306 1
000783 8105   1.410241 3
000784 9137   1.448068 3
000785 326111 3.419593 118
000786 6061   1.357037 2
000787 55     1.054545 0
000788 249503 2.831621 91
000789 682349 5.497229 247
000790 495    1.395960 0
000791 469    1.091684 0
000792 1383   1.142444 0
000793 57     1.070175 0
000794 18441  1.536305 7
000795 14259  1.522547 5
000796 819677 6.227823 297
000797 63     1.666667 0
000798 74865  1.748160 27
000799 10815  1.392603 4
000800 29539  1.527811 11
000801 14013  1.365090 5
000802 195    1.025641 0
000803 59     1.033898 0
000804 47089  1.597358 17
000805 795715 6.047016 288
000806 116075 1.990558 42
000807 3599   1.603223 1
000808 57639  1.674821 20
000809 16937  1.396646 6
000810 4385   1.302851 1
000811 1697   1.086034 0
000812 31399  1.492468 11
000813 143    1.055944 0
000814 357    1.240896 0
000815 8391   1.543439 3
000816 129    1.248062 0
000817 11389  1.445781 4
000818 66085  1.729833 24
000819 149305 2.244921 54
000820 4945   1.362588 1
000821 31091  1.473513 11
000822 57     1.052632 0
000823 90049  1.840609 33
000824 4981   1.406143 1
000825 95     1.021053 0
000826 7153   1.291067 2
000827 231411 2.735786 84
000828 712455 5.536604 258
000829 455793 4.123890 165
000830 9219   1.548866 3
000831 205    1.165854 0
000832 665    1.096241 0
000833 26039  1.541419 9
000834 341    1.249267 0
000835 470683 4.164888 171
000836 2091   1.144907 0
000837 18455  1.419778 7
000838 3645   1.334705 1
000839 180335 2.486323 65
000840 3039   1.215531 1
000841 687    1.032023 0
000842 40135  1.545833 15
000843 63     1.111111 0
000844 609    1.034483 0
000845 184049 2.429331 67
000846 105    1.180952 0
000847 1015   1.232512 0
000848 5153   1.402290 1
000849 1183439 8.468036 429
000850 29069  1.591420 11
000851 941239 6.797210 342
000852 499451 4.242414 181
000853 699    1.088698 0
000854 905    1.056354 0
000855 63181  1.763631 23
000856 27493  1.461899 10
000857 2067   1.061442 0
000858 456147 4.045027 165
000859 126375 2.082572 46
000860 4535   1.361191 1
000861 1087709 7.577081 394
000862 1333   1.148537 0
000863 941    1.029756 0
000864 12061  1.451953 4
000865 1073327 7.756542 389
000866 825    1.127273 0
000867 315955 3.189087 114
000868 12277  1.464283 4
000869 4485   1.395541 1
000870 137    1.094891 0
000871 3295   1.237633 1
000872 987    1.048632 0
000873 497    1.030181 0
000874 779    1.035944 0
000875 102953 1.918681 38
000876 79     1.316456 0
000877 157    1.184713 0
000878 23097  1.437070 8
000879 2175   1.069885 0
000880 579433 4.762212 210
000881 83     1.301205 0
000882 167    1.053892 0
000883 93789  1.883366 34
000884 541    1.099815 0
000885 14967  1.386651 5
000886 65501  1.668600 23
000887 1041   1.094140 0
000888 2701   1.192521 1
000889 109    1.009174 0
000890 29555  1.528134 11
000891 282399 2.942418 102
000892 571    1.124343 0
000893 10643  2.639106 4
000894 3051   2.136021 1
000895 95     1.715789 0
000896 63     1.634921 0
000897 22061  1.973619 8
000898 404657 3.929901 147
000899 16359  1.438291 6
000900 188039 2.518206 68
000901 877    1.112885 0
000902 708401 5.517067 257
000903 2341   1.133276 0
000904 112267 2.051315 40
000905 593905 4.864115 215
000906 355    1.073239 0
000907 374543 3.558502 135
000908 53     1.188679 0
000909 19739  1.400375 7
000910 69     1.028986 0
000911 134373 2.108817 49
000912 37507  1.486203 14
000913 8617   1.432981 3
000914 187957 2.482158 68
000915 459    1.111111 0
000916 539    1.027829 0
000917 11535  1.348418 4
000918 51     1.019608 0
000919 186255 2.383517 68
000920 35671  1.483894 13
000921 18167  1.403809 6
000922 7453   1.288072 2
000923 289    1.020761 0
000924 2579   1.071345 0
000925 2133   1.038444 0
000926 23211  1.414286 8
000927 3109   1.189128 1
000928 824469 6.204375 299
000929 4517   1.329644 1
000930 629509 5.088537 228
000931 32309  1.464236 12
000932 373761 3.480553 135
000933 13627  1.413444 5
000934 33     1.090909 0
000935 79885  1.753909 29
000936 10835  1.391048 4
000937 111    1.009009 0
000938 13841  1.360957 5
000939 227    1.013216 0
000940 239707 2.691736 87
000941 4865   1.392806 1
000942 25799  1.454824 9
000943 71     1.042254 0
000944 91     1.021978 0
000945 153    1.026144 0
000946 40241  1.507070 15
000947 91     1.054945 0
000948 1113   1.044924 0
000949 8945   1.361990 3
000950 131    1.274809 0
000951 1491   1.112005 0
000952 4099   1.277629 1
000953 1091885 7.570878 396
000954 227747 2.641984 82
000955 13625  1.362055 5
000956 65     1.030769 0
000957 1555   1.032154 0
000958 53     1.018868 0
000959 43     1.604651 0
000960 3127   1.263511 1
000961 73909  1.728112 27
000962 997585 7.040579 361
000963 35     1.228571 0
000964 28819  1.465630 10
000965 5461   1.447903 2
000966 60893  1.635902 22
000967 1375   1.053818 0
000968 144813 2.280072 53
000969 20925  1.401912 7
000970 251    1.019920 0
000971 410659 3.709645 149
000972 161    1.118012 0
000973 81     1.037037 0
000974 329    1.088146 0
000975 7803   1.315007 2
000976 123    1.024390 0
000977 16891  1.393701 6
000978 135477 2.202617 49
000979 173    1.104046 0
000980 5539   1.364145 2
000981 131    1.076336 0
000982 2661   1.111612 1
000983 287859 3.065980 104
000984 43463  1.527828 16
000985 2859   1.124519 1
000986 79161  1.742563 29
000987 3533   1.347297 1
000988 650791 5.137802 236
000989 25435  1.479890 9
000990 25925  1.421446 9
000991 111    1.018018 0
000992 121    1.024793 0
000993 18129  1.351316 6
000994 53     1.056604 0
000995 1189   1.044575 0
000996 1045199 7.368143 379
000997 75     1.186667 0
000998 2453   1.067265 0
000999 71     1.028169 0
